#          omega_b,        omega_cdm,      100*theta_s,     ln10^{10}A_s,              n_s,         tau_reio,        A_cib_217,        xi_sz_cib,             A_sz,     ps_A_100_100,     ps_A_143_143,     ps_A_143_217,     ps_A_217_217,         ksz_norm,     gal545_A_100,     gal545_A_143, gal545_A_143_217,     gal545_A_217,    galf_EE_A_100, galf_EE_A_100_143, galf_EE_A_100_217,    galf_EE_A_143, galf_EE_A_143_217,    galf_EE_A_217,    galf_TE_A_100, galf_TE_A_100_143, galf_TE_A_100_217,    galf_TE_A_143, galf_TE_A_143_217,    galf_TE_A_217,       calib_100T,       calib_217T,         A_planck,           z_reio,     Omega_Lambda,              YHe,               H0,              A_s,           sigma8
 2.40236e-08	-1.29704e-07	 1.29388e-08	 1.40021e-06	 3.57557e-07	 7.96612e-07	-1.08404e-04	 3.84148e-06	 4.55394e-06	-2.69479e-04	-1.46811e-04	-4.52642e-06	 5.36218e-05	-5.20756e-05	-1.49810e-06	-7.19068e-06	-2.46777e-05	-1.14408e-05	 4.91856e-08	 6.82431e-08	 2.30348e-08	 6.90680e-08	 1.72821e-07	 3.37736e-07	-1.35916e-07	-6.37418e-08	-1.61838e-07	-2.02149e-07	-5.91408e-07	-2.74633e-06	 2.22826e-09	-1.00820e-08	 1.53688e-08	 6.75356e-05	 8.99479e-07	 1.02769e-08	 7.22832e-05	 3.01369e-15	 1.56583e-07	
-1.29704e-07	 1.90805e-06	-1.14526e-07	-1.76002e-05	-4.80383e-06	-1.08521e-05	 5.74283e-04	-1.79725e-05	-4.41523e-05	 1.87703e-03	 1.14237e-03	 3.35566e-04	-1.01209e-04	 2.03211e-04	-5.62328e-06	 5.86868e-06	 1.18970e-04	 6.25180e-05	-5.95997e-07	-7.48668e-07	-4.34216e-07	-7.63688e-07	-1.39370e-06	-2.96126e-07	 1.11570e-06	 7.83956e-08	-3.35634e-07	 1.70633e-06	 4.82866e-06	 1.91207e-05	 1.59537e-09	 6.09528e-08	-2.04179e-07	-9.69304e-04	-1.16186e-05	-5.54856e-08	-8.35090e-04	-3.78917e-14	-1.78431e-06	
 1.29388e-08	-1.14526e-07	 8.89701e-08	 1.90606e-06	 4.19204e-07	 1.03699e-06	-4.14015e-05	 1.61434e-06	-4.58924e-06	-3.00887e-05	 1.44622e-05	 2.15018e-05	 4.63342e-05	-2.03943e-05	 2.57659e-06	-5.07910e-06	-7.92964e-06	-1.08488e-05	 1.05732e-08	 4.03506e-08	 3.93858e-08	 1.77078e-08	-1.22543e-07	-1.57878e-08	 2.74702e-08	 2.60003e-08	 1.42106e-08	-2.20617e-07	-3.83994e-07	-1.90417e-06	 5.52475e-10	-6.16764e-09	 1.29918e-08	 9.39661e-05	 9.82374e-07	 5.53477e-09	 8.22660e-05	 4.09975e-15	 5.49069e-07	
 1.40021e-06	-1.76002e-05	 1.90606e-06	 5.31868e-04	 5.48189e-05	 2.81206e-04	-9.76038e-03	 3.64185e-04	 2.13475e-04	-2.66361e-02	-1.14533e-02	 1.05256e-03	 7.79092e-03	-5.53471e-03	-4.69998e-04	-8.28110e-04	-2.87870e-03	-1.69896e-03	 6.97790e-06	 7.71775e-06	 1.23204e-05	 7.21378e-06	 1.08314e-05	-2.05106e-05	-8.94607e-06	-2.61242e-07	-2.07505e-05	-1.20191e-05	-7.07487e-05	-2.90020e-04	-2.02435e-07	-1.20805e-06	 5.57883e-06	 2.62366e-02	 1.10887e-04	 5.98708e-07	 8.17841e-03	 1.14409e-12	 1.70504e-04	
 3.57557e-07	-4.80383e-06	 4.19204e-07	 5.48189e-05	 2.20432e-05	 3.34171e-05	-4.90447e-03	 1.88816e-04	-1.33235e-04	-1.39580e-02	-2.51617e-03	 4.06528e-03	 6.58754e-03	-3.39227e-03	 2.81296e-04	-1.98149e-04	-1.44430e-03	-5.57163e-04	 2.85024e-06	 3.43420e-06	 1.50088e-06	 3.52497e-06	 1.29130e-06	 6.75875e-06	-3.45849e-06	-1.65271e-07	 2.22333e-06	-3.33785e-06	-1.07891e-05	-5.26145e-05	-1.72533e-07	-3.79980e-07	 3.84989e-07	 3.01252e-03	 2.98306e-05	 1.52935e-07	 2.17497e-03	 1.18048e-13	 1.18321e-05	
 7.96612e-07	-1.08521e-05	 1.03699e-06	 2.81206e-04	 3.34171e-05	 1.57622e-04	-5.61994e-03	 1.81359e-04	 4.05633e-04	-2.08739e-02	-9.05903e-03	-1.56820e-03	 8.12802e-04	-2.32474e-03	-9.00395e-05	-1.99476e-04	-1.31110e-03	-1.63833e-03	 3.77742e-06	 4.50467e-06	 6.61564e-06	 3.55685e-06	 7.73747e-06	-7.86871e-06	-5.03449e-06	 5.20534e-07	-5.47797e-06	-7.49666e-06	-4.02399e-05	-1.71829e-04	-2.04300e-07	-6.33344e-07	-3.25221e-06	 1.46841e-02	 6.75499e-05	 3.40617e-07	 4.93523e-03	 6.05018e-13	 8.60738e-05	
-1.08404e-04	 5.74283e-04	-4.14015e-05	-9.76038e-03	-4.90447e-03	-5.61994e-03	 4.51098e+01	-6.12835e-01	-1.86891e+00	 5.00379e+01	 1.56628e+00	-2.35157e+01	-6.07214e+01	-2.01579e+00	 3.42947e-03	-2.39659e-02	-2.55724e+00	-1.90073e+01	-9.02872e-04	-3.87355e-04	-1.37089e-03	 1.69683e-04	-2.59478e-04	-3.29669e-03	 3.94270e-03	 2.28723e-03	-3.17260e-03	-8.49711e-04	 1.19748e-03	 8.05565e-03	-3.69275e-04	 4.47524e-03	 7.84466e-04	-4.99265e-01	-3.94808e-03	-4.63664e-05	-3.16441e-01	-2.09900e-11	-3.14863e-03	
 3.84148e-06	-1.79725e-05	 1.61434e-06	 3.64185e-04	 1.88816e-04	 1.81359e-04	-6.12835e-01	 7.94524e-02	-6.96685e-02	-6.48670e-01	 1.25778e+00	 2.31606e+00	 1.00960e+00	 4.67917e-02	-5.13785e-03	 7.75695e-03	 1.30788e-01	 1.40604e-01	 3.33981e-05	 3.81534e-05	 3.44116e-05	 3.15637e-05	 8.77161e-05	-1.88144e-04	-5.33175e-05	-2.54245e-05	-1.21188e-04	 3.59746e-05	 1.61971e-04	-1.06590e-03	 8.80356e-06	-2.37079e-05	-1.10387e-05	 1.59751e-02	 1.27414e-04	 1.64294e-06	 1.04094e-02	 7.83606e-13	 1.32122e-04	
 4.55394e-06	-4.41523e-05	-4.58924e-06	 2.13475e-04	-1.33235e-04	 4.05633e-04	-1.86891e+00	-6.96685e-02	 3.68530e+00	-3.27476e+01	-9.11291e+00	 2.12352e+00	 2.61074e+00	 8.34800e-02	-1.55897e-01	-6.77590e-04	 2.02290e+00	 1.87961e+00	 7.97537e-05	 7.93277e-05	 5.65829e-04	-7.94702e-05	 5.19595e-04	 5.80098e-04	-2.20854e-04	-4.19115e-04	 1.00173e-03	-1.44039e-04	-1.98448e-03	-9.76015e-03	 1.70135e-04	-4.04812e-04	-9.85934e-07	 3.65114e-02	 2.53030e-04	 1.94114e-06	 1.84131e-02	 4.69339e-13	-1.28432e-04	
-2.69479e-04	 1.87703e-03	-3.00887e-05	-2.66361e-02	-1.39580e-02	-2.08739e-02	 5.00379e+01	-6.48670e-01	-3.27476e+01	 8.46382e+02	 1.21547e+02	-2.18625e+01	-4.01317e+01	-1.41181e+01	-3.63895e+00	 3.14626e+00	-1.33640e+01	-1.94490e+01	-4.87980e-03	-2.74581e-03	-7.53453e-03	-1.60142e-03	-9.28431e-03	-1.58550e-02	 8.30063e-03	-1.41792e-03	-1.33381e-02	 5.17241e-03	 1.38054e-02	 9.88969e-02	 5.85419e-03	 4.95270e-03	 4.09336e-03	-1.89308e+00	-1.20737e-02	-1.15197e-04	-9.21578e-01	-5.74474e-11	-7.77986e-03	
-1.46811e-04	 1.14237e-03	 1.44622e-05	-1.14533e-02	-2.51617e-03	-9.05903e-03	 1.56628e+00	 1.25778e+00	-9.11291e+00	 1.21547e+02	 9.26711e+01	 6.43163e+01	 2.95691e+01	-1.26740e+01	 5.75765e-02	-1.02162e+00	 1.97092e+00	 1.87738e+00	-7.88116e-04	-6.13612e-04	-2.20606e-03	-9.91302e-04	-6.34303e-03	-1.18246e-02	-5.13823e-04	 1.77312e-04	-5.65016e-03	 5.65800e-03	 1.58302e-02	 3.58914e-02	-1.38624e-04	 7.59797e-04	 4.81271e-04	-8.02864e-01	-7.10062e-03	-6.27673e-05	-5.35916e-01	-2.47181e-11	-9.46851e-04	
-4.52642e-06	 3.35566e-04	 2.15018e-05	 1.05256e-03	 4.06528e-03	-1.56820e-03	-2.35157e+01	 2.31606e+00	 2.12352e+00	-2.18625e+01	 6.43163e+01	 1.10788e+02	 6.97865e+01	-1.06664e+01	-3.71030e-01	-3.50596e-01	 2.76175e+00	 3.44792e+00	 3.03785e-04	 5.66028e-04	 6.67312e-04	-1.61029e-04	-3.70789e-03	-4.71677e-03	-3.82727e-03	-3.57452e-03	-4.19685e-03	 4.64938e-03	 9.90158e-03	-2.03584e-02	 5.32397e-04	-2.25442e-03	 9.33068e-05	-1.40836e-01	-1.79463e-03	-1.95002e-06	-1.16862e-01	 2.21774e-12	 2.86936e-03	
 5.36218e-05	-1.01209e-04	 4.63342e-05	 7.79092e-03	 6.58754e-03	 8.12802e-04	-6.07214e+01	 1.00960e+00	 2.61074e+00	-4.01317e+01	 2.95691e+01	 6.97865e+01	 1.20457e+02	-9.03350e+00	-1.37043e-01	-2.77185e-01	-2.14629e+00	 1.34003e+01	 5.87681e-04	 3.87827e-04	-1.48798e-04	-3.92828e-04	-6.86896e-03	 6.01408e-03	-6.33566e-03	-4.51044e-03	 2.06265e-03	 4.71773e-03	 8.28153e-03	 1.06651e-02	 5.84160e-04	-7.35536e-03	 1.20205e-03	 6.39470e-02	 1.03696e-03	 2.29440e-05	 9.97343e-02	 1.66968e-11	 4.70081e-03	
-5.20756e-05	 2.03211e-04	-2.03943e-05	-5.53471e-03	-3.39227e-03	-2.32474e-03	-2.01579e+00	 4.67917e-02	 8.34800e-02	-1.41181e+01	-1.26740e+01	-1.06664e+01	-9.03350e+00	 7.37577e+00	-4.04988e-02	-6.02799e-02	-2.75502e-01	 1.69670e-01	-1.39148e-04	-3.26183e-04	 8.97829e-04	-2.90197e-04	 3.20060e-03	-1.65277e-03	 7.79755e-04	 8.68525e-04	-9.10252e-05	-6.93968e-04	-6.88997e-04	 2.96810e-03	 3.66213e-05	-1.85362e-04	 2.48453e-06	-2.04993e-01	-1.49916e-03	-2.22832e-05	-1.26383e-01	-1.19147e-11	-2.42630e-03	
-1.49810e-06	-5.62328e-06	 2.57659e-06	-4.69998e-04	 2.81296e-04	-9.00395e-05	 3.42947e-03	-5.13785e-03	-1.55897e-01	-3.63895e+00	 5.75765e-02	-3.71030e-01	-1.37043e-01	-4.04988e-02	 3.47074e+00	 4.34138e-01	 2.14353e-01	 3.26694e-01	-8.67795e-05	-2.31415e-06	-2.46395e-04	 7.04456e-05	 2.40821e-04	 1.88151e-03	-4.02885e-05	 7.28301e-04	 9.01521e-04	-6.55876e-04	-7.68256e-04	 4.02694e-03	 2.96836e-04	-8.74055e-06	-3.07378e-05	-8.82856e-03	 2.99484e-05	-6.46092e-07	 1.46252e-03	-9.93995e-13	-1.13758e-04	
-7.19068e-06	 5.86868e-06	-5.07910e-06	-8.28110e-04	-1.98149e-04	-1.99476e-04	-2.39659e-02	 7.75695e-03	-6.77590e-04	 3.14626e+00	-1.02162e+00	-3.50596e-01	-2.77185e-01	-6.02799e-02	 4.34138e-01	 3.41073e+00	 2.52274e+00	 1.70395e+00	-6.63125e-05	-6.17118e-05	-2.07855e-05	 2.12004e-06	-5.83880e-04	 1.35998e-03	-1.52006e-05	-8.33742e-04	-4.38040e-05	 4.20941e-04	 3.00150e-04	 3.09039e-03	-2.89473e-04	-2.38557e-04	 1.48518e-05	-1.72154e-02	-8.85556e-05	-3.07696e-06	-1.04579e-02	-1.76938e-12	-3.50742e-04	
-2.46777e-05	 1.18970e-04	-7.92964e-06	-2.87870e-03	-1.44430e-03	-1.31110e-03	-2.55724e+00	 1.30788e-01	 2.02290e+00	-1.33640e+01	 1.97092e+00	 2.76175e+00	-2.14629e+00	-2.75502e-01	 2.14353e-01	 2.52274e+00	 1.69129e+01	 2.57065e+01	-7.82187e-05	-2.05786e-04	 7.44817e-04	-3.11233e-04	-1.14920e-03	-5.00317e-03	 2.29390e-03	 1.07520e-04	 1.14330e-03	 2.33419e-04	-1.38604e-03	 2.16919e-03	-2.69393e-05	 2.53078e-03	 1.34893e-05	-1.16671e-01	-8.21846e-04	-1.05463e-05	-6.76151e-02	-6.18504e-12	-1.11708e-03	
-1.14408e-05	 6.25180e-05	-1.08488e-05	-1.69896e-03	-5.57163e-04	-1.63833e-03	-1.90073e+01	 1.40604e-01	 1.87961e+00	-1.94490e+01	 1.87738e+00	 3.44792e+00	 1.34003e+01	 1.69670e-01	 3.26694e-01	 1.70395e+00	 2.57065e+01	 5.49429e+01	 2.40206e-04	-2.78402e-04	 2.10358e-03	-4.91353e-04	-1.15094e-03	-6.50284e-03	 2.37530e-03	-1.29499e-03	 3.10047e-03	-4.89773e-04	-4.11906e-03	 4.71646e-03	 9.03133e-05	 4.61338e-03	 7.59697e-04	-1.52676e-01	-4.39165e-04	-4.87129e-06	-3.64389e-02	-3.66938e-12	-6.10950e-04	
 4.91856e-08	-5.95997e-07	 1.05732e-08	 6.97790e-06	 2.85024e-06	 3.77742e-06	-9.02872e-04	 3.33981e-05	 7.97537e-05	-4.87980e-03	-7.88116e-04	 3.03785e-04	 5.87681e-04	-1.39148e-04	-8.67795e-05	-6.63125e-05	-7.82187e-05	 2.40206e-04	 3.16931e-05	 8.75456e-06	 1.67054e-06	 2.95908e-06	 1.11165e-07	-6.65955e-06	-6.81182e-07	 1.55503e-06	 5.18115e-06	 1.97931e-06	 1.01198e-05	 9.34942e-06	-1.22656e-07	-1.16069e-07	 6.25236e-07	 3.40639e-04	 3.60832e-06	 2.10349e-08	 2.60098e-04	 1.49861e-14	 1.52184e-06	
 6.82431e-08	-7.48668e-07	 4.03506e-08	 7.71775e-06	 3.43420e-06	 4.50467e-06	-3.87355e-04	 3.81534e-05	 7.93277e-05	-2.74581e-03	-6.13612e-04	 5.66028e-04	 3.87827e-04	-3.26183e-04	-2.31415e-06	-6.17118e-05	-2.05786e-04	-2.78402e-04	 8.75456e-06	 2.50534e-05	 9.96180e-07	 1.23163e-05	-5.55887e-07	 1.20253e-06	-1.84883e-06	-6.15936e-07	-9.96383e-07	-9.20384e-07	 2.04452e-06	 2.07916e-06	-5.96661e-08	-9.13323e-08	 5.30617e-07	 4.01028e-04	 4.66999e-06	 2.92079e-08	 3.41248e-04	 1.66036e-14	 1.45081e-06	
 2.30348e-08	-4.34216e-07	 3.93858e-08	 1.23204e-05	 1.50088e-06	 6.61564e-06	-1.37089e-03	 3.44116e-05	 5.65829e-04	-7.53453e-03	-2.20606e-03	 6.67312e-04	-1.48798e-04	 8.97829e-04	-2.46395e-04	-2.07855e-05	 7.44817e-04	 2.10358e-03	 1.67054e-06	 9.96180e-07	 1.05974e-03	 3.17939e-07	 4.54824e-06	-9.88599e-06	 1.42225e-05	 8.93451e-06	 1.92655e-05	-2.79678e-06	 2.71818e-06	-3.14195e-06	-6.38736e-08	 1.04638e-07	 6.00014e-07	 6.26844e-04	 2.61375e-06	 9.87338e-09	 1.89672e-04	 2.63669e-14	 3.92813e-06	
 6.90680e-08	-7.63688e-07	 1.77078e-08	 7.21378e-06	 3.52497e-06	 3.55685e-06	 1.69683e-04	 3.15637e-05	-7.94702e-05	-1.60142e-03	-9.91302e-04	-1.61029e-04	-3.92828e-04	-2.90197e-04	 7.04456e-05	 2.12004e-06	-3.11233e-04	-4.91353e-04	 2.95908e-06	 1.23163e-05	 3.17939e-07	 4.73824e-05	 2.34846e-06	-5.01841e-06	 2.68555e-06	-4.20747e-07	-6.00342e-06	-9.29548e-07	-7.93508e-08	 5.49032e-06	-7.22010e-08	 7.03810e-09	 1.22725e-06	 3.09103e-04	 4.67768e-06	 2.95660e-08	 3.40121e-04	 1.55043e-14	 1.18890e-06	
 1.72821e-07	-1.39370e-06	-1.22543e-07	 1.08314e-05	 1.29130e-06	 7.73747e-06	-2.59478e-04	 8.77161e-05	 5.19595e-04	-9.28431e-03	-6.34303e-03	-3.70789e-03	-6.86896e-03	 3.20060e-03	 2.40821e-04	-5.83880e-04	-1.14920e-03	-1.15094e-03	 1.11165e-07	-5.55887e-07	 4.54824e-06	 2.34846e-06	 2.21339e-03	 1.13583e-04	-2.51596e-07	-6.06462e-06	 7.66307e-06	-2.62559e-05	-7.42307e-06	 4.16190e-05	-3.05280e-07	-3.82995e-07	-1.20353e-07	 6.54685e-04	 8.33332e-06	 7.39597e-08	 6.12082e-04	 2.34967e-14	-7.17964e-07	
 3.37736e-07	-2.96126e-07	-1.57878e-08	-2.05106e-05	 6.75875e-06	-7.86871e-06	-3.29669e-03	-1.88144e-04	 5.80098e-04	-1.58550e-02	-1.18246e-02	-4.71677e-03	 6.01408e-03	-1.65277e-03	 1.88151e-03	 1.35998e-03	-5.00317e-03	-6.50284e-03	-6.65955e-06	 1.20253e-06	-9.88599e-06	-5.01841e-06	 1.13583e-04	 1.66535e-02	-8.99631e-06	-5.13680e-06	-6.17247e-05	-1.56391e-05	-1.85945e-05	-9.94557e-05	 2.16379e-07	-1.47053e-07	-1.31955e-06	-8.86655e-04	 3.40959e-06	 1.44143e-07	 4.15655e-04	-4.40017e-14	-8.94292e-06	
-1.35916e-07	 1.11570e-06	 2.74702e-08	-8.94607e-06	-3.45849e-06	-5.03449e-06	 3.94270e-03	-5.33175e-05	-2.20854e-04	 8.30063e-03	-5.13823e-04	-3.82727e-03	-6.33566e-03	 7.79755e-04	-4.02885e-05	-1.52006e-05	 2.29390e-03	 2.37530e-03	-6.81182e-07	-1.84883e-06	 1.42225e-05	 2.68555e-06	-2.51596e-07	-8.99631e-06	 1.42922e-03	 3.05204e-04	 8.09037e-05	-3.83433e-04	-8.33447e-05	-1.58770e-04	 1.82373e-07	 8.59617e-07	-5.58330e-07	-4.36534e-04	-6.88389e-06	-5.81465e-08	-5.10314e-04	-1.90833e-14	-3.50728e-07	
-6.37418e-08	 7.83956e-08	 2.60003e-08	-2.61242e-07	-1.65271e-07	 5.20534e-07	 2.28723e-03	-2.54245e-05	-4.19115e-04	-1.41792e-03	 1.77312e-04	-3.57452e-03	-4.51044e-03	 8.68525e-04	 7.28301e-04	-8.33742e-04	 1.07520e-04	-1.29499e-03	 1.55503e-06	-6.15936e-07	 8.93451e-06	-4.20747e-07	-6.06462e-06	-5.13680e-06	 3.05204e-04	 8.51563e-04	 1.28807e-05	 7.38270e-04	 4.28538e-05	-6.82119e-04	-2.30151e-07	-1.64441e-07	-1.75397e-07	 5.35613e-05	-7.48015e-07	-2.72279e-08	-7.67303e-05	-4.22560e-16	 4.03184e-07	
-1.61838e-07	-3.35634e-07	 1.42106e-08	-2.07505e-05	 2.22333e-06	-5.47797e-06	-3.17260e-03	-1.21188e-04	 1.00173e-03	-1.33381e-02	-5.65016e-03	-4.19685e-03	 2.06265e-03	-9.10252e-05	 9.01521e-04	-4.38040e-05	 1.14330e-03	 3.10047e-03	 5.18115e-06	-9.96383e-07	 1.92655e-05	-6.00342e-06	 7.66307e-06	-6.17247e-05	 8.09037e-05	 1.28807e-05	 7.10631e-03	-3.32726e-04	 6.89052e-04	 4.35858e-03	 3.97105e-07	 6.05883e-08	-3.95911e-06	-5.30197e-04	 8.62069e-07	-6.91799e-08	-2.08066e-05	-4.41329e-14	-8.28344e-06	
-2.02149e-07	 1.70633e-06	-2.20617e-07	-1.20191e-05	-3.33785e-06	-7.49666e-06	-8.49711e-04	 3.59746e-05	-1.44039e-04	 5.17241e-03	 5.65800e-03	 4.64938e-03	 4.71773e-03	-6.93968e-04	-6.55876e-04	 4.20941e-04	 2.33419e-04	-4.89773e-04	 1.97931e-06	-9.20384e-07	-2.79678e-06	-9.29548e-07	-2.62559e-05	-1.56391e-05	-3.83433e-04	 7.38270e-04	-3.32726e-04	 2.92850e-03	 5.51781e-04	-8.01519e-04	-3.92128e-07	-5.74051e-07	-1.07074e-07	-6.53247e-04	-1.13169e-05	-8.64368e-08	-8.62693e-04	-2.56974e-14	 4.24379e-07	
-5.91408e-07	 4.82866e-06	-3.83994e-07	-7.07487e-05	-1.07891e-05	-4.02399e-05	 1.19748e-03	 1.61971e-04	-1.98448e-03	 1.38054e-02	 1.58302e-02	 9.90158e-03	 8.28153e-03	-6.88997e-04	-7.68256e-04	 3.00150e-04	-1.38604e-03	-4.11906e-03	 1.01198e-05	 2.04452e-06	 2.71818e-06	-7.93508e-08	-7.42307e-06	-1.85945e-05	-8.33447e-05	 4.28538e-05	 6.89052e-04	 5.51781e-04	 6.57471e-03	 7.81129e-03	-4.53303e-07	-1.03546e-07	-5.86540e-07	-3.62477e-03	-3.12399e-05	-2.52717e-07	-2.38597e-03	-1.51799e-13	-1.37074e-05	
-2.74633e-06	 1.91207e-05	-1.90417e-06	-2.90020e-04	-5.26145e-05	-1.71829e-04	 8.05565e-03	-1.06590e-03	-9.76015e-03	 9.88969e-02	 3.58914e-02	-2.03584e-02	 1.06651e-02	 2.96810e-03	 4.02694e-03	 3.09039e-03	 2.16919e-03	 4.71646e-03	 9.34942e-06	 2.07916e-06	-3.14195e-06	 5.49032e-06	 4.16190e-05	-9.94557e-05	-1.58770e-04	-6.82119e-04	 4.35858e-03	-8.01519e-04	 7.81129e-03	 6.57929e-02	-1.58725e-06	-1.09693e-06	 8.71434e-06	-1.53352e-02	-1.27448e-04	-1.17468e-06	-9.94198e-03	-6.24663e-13	-6.02949e-05	
 2.22826e-09	 1.59537e-09	 5.52475e-10	-2.02435e-07	-1.72533e-07	-2.04300e-07	-3.69275e-04	 8.80356e-06	 1.70135e-04	 5.85419e-03	-1.38624e-04	 5.32397e-04	 5.84160e-04	 3.66213e-05	 2.96836e-04	-2.89473e-04	-2.69393e-05	 9.03133e-05	-1.22656e-07	-5.96661e-08	-6.38736e-08	-7.22010e-08	-3.05280e-07	 2.16379e-07	 1.82373e-07	-2.30151e-07	 3.97105e-07	-3.92128e-07	-4.53303e-07	-1.58725e-06	 5.93399e-07	-1.36940e-08	 4.78887e-09	-2.02873e-05	 5.55819e-09	 9.52110e-10	 1.67854e-06	-4.35974e-16	-1.40183e-07	
-1.00820e-08	 6.09528e-08	-6.16764e-09	-1.20805e-06	-3.79980e-07	-6.33344e-07	 4.47524e-03	-2.37079e-05	-4.04812e-04	 4.95270e-03	 7.59797e-04	-2.25442e-03	-7.35536e-03	-1.85362e-04	-8.74055e-06	-2.38557e-04	 2.53078e-03	 4.61338e-03	-1.16069e-07	-9.13323e-08	 1.04638e-07	 7.03810e-09	-3.82995e-07	-1.47053e-07	 8.59617e-07	-1.64441e-07	 6.05883e-08	-5.74051e-07	-1.03546e-07	-1.09693e-06	-1.36940e-08	 2.13414e-06	-3.17699e-08	-5.68985e-05	-4.15313e-07	-4.30835e-09	-3.28643e-05	-2.60080e-15	-3.68920e-07	
 1.53688e-08	-2.04179e-07	 1.29918e-08	 5.57883e-06	 3.84989e-07	-3.25221e-06	 7.84466e-04	-1.10387e-05	-9.85934e-07	 4.09336e-03	 4.81271e-04	 9.33068e-05	 1.20205e-03	 2.48453e-06	-3.07378e-05	 1.48518e-05	 1.34893e-05	 7.59697e-04	 6.25236e-07	 5.30617e-07	 6.00014e-07	 1.22725e-06	-1.20353e-07	-1.31955e-06	-5.58330e-07	-1.75397e-07	-3.95911e-06	-1.07074e-07	-5.86540e-07	 8.71434e-06	 4.78887e-09	-3.17699e-08	 6.23645e-06	-3.19890e-04	 1.25480e-06	 6.59242e-09	 9.10157e-05	 1.19327e-14	 1.65595e-06	
 6.75356e-05	-9.69304e-04	 9.39661e-05	 2.62366e-02	 3.01252e-03	 1.46841e-02	-4.99265e-01	 1.59751e-02	 3.65114e-02	-1.89308e+00	-8.02864e-01	-1.40836e-01	 6.39470e-02	-2.04993e-01	-8.82856e-03	-1.72154e-02	-1.16671e-01	-1.52676e-01	 3.40639e-04	 4.01028e-04	 6.26844e-04	 3.09103e-04	 6.54685e-04	-8.86655e-04	-4.36534e-04	 5.35613e-05	-5.30197e-04	-6.53247e-04	-3.62477e-03	-1.53352e-02	-2.02873e-05	-5.68985e-05	-3.19890e-04	 1.37333e+00	 6.01795e-03	 2.88778e-05	 4.37882e-01	 5.64112e-11	 8.17048e-03	
 8.99479e-07	-1.16186e-05	 9.82374e-07	 1.10887e-04	 2.98306e-05	 6.75499e-05	-3.94808e-03	 1.27414e-04	 2.53030e-04	-1.20737e-02	-7.10062e-03	-1.79463e-03	 1.03696e-03	-1.49916e-03	 2.99484e-05	-8.85556e-05	-8.21846e-04	-4.39165e-04	 3.60832e-06	 4.66999e-06	 2.61375e-06	 4.67768e-06	 8.33332e-06	 3.40959e-06	-6.88389e-06	-7.48015e-07	 8.62069e-07	-1.13169e-05	-3.12399e-05	-1.27448e-04	 5.55819e-09	-4.15313e-07	 1.25480e-06	 6.01795e-03	 7.23218e-05	 3.84799e-07	 5.27922e-03	 2.38685e-13	 1.23894e-05	
 1.02769e-08	-5.54856e-08	 5.53477e-09	 5.98708e-07	 1.52935e-07	 3.40617e-07	-4.63664e-05	 1.64294e-06	 1.94114e-06	-1.15197e-04	-6.27673e-05	-1.95002e-06	 2.29440e-05	-2.22832e-05	-6.46092e-07	-3.07696e-06	-1.05463e-05	-4.87129e-06	 2.10349e-08	 2.92079e-08	 9.87338e-09	 2.95660e-08	 7.39597e-08	 1.44143e-07	-5.81465e-08	-2.72279e-08	-6.91799e-08	-8.64368e-08	-2.52717e-07	-1.17468e-06	 9.52110e-10	-4.30835e-09	 6.59242e-09	 2.88778e-05	 3.84799e-07	 4.39636e-09	 3.09211e-05	 1.28859e-15	 6.68736e-08	
 7.22832e-05	-8.35090e-04	 8.22660e-05	 8.17841e-03	 2.17497e-03	 4.93523e-03	-3.16441e-01	 1.04094e-02	 1.84131e-02	-9.21578e-01	-5.35916e-01	-1.16862e-01	 9.97343e-02	-1.26383e-01	 1.46252e-03	-1.04579e-02	-6.76151e-02	-3.64389e-02	 2.60098e-04	 3.41248e-04	 1.89672e-04	 3.40121e-04	 6.12082e-04	 4.15655e-04	-5.10314e-04	-7.67303e-05	-2.08066e-05	-8.62693e-04	-2.38597e-03	-9.94198e-03	 1.67854e-06	-3.28643e-05	 9.10157e-05	 4.37882e-01	 5.27922e-03	 3.09211e-05	 3.90344e-01	 1.76065e-11	 9.62984e-04	
 3.01369e-15	-3.78917e-14	 4.09975e-15	 1.14409e-12	 1.18048e-13	 6.05018e-13	-2.09900e-11	 7.83606e-13	 4.69339e-13	-5.74474e-11	-2.47181e-11	 2.21774e-12	 1.66968e-11	-1.19147e-11	-9.93995e-13	-1.76938e-12	-6.18504e-12	-3.66938e-12	 1.49861e-14	 1.66036e-14	 2.63669e-14	 1.55043e-14	 2.34967e-14	-4.40017e-14	-1.90833e-14	-4.22560e-16	-4.41329e-14	-2.56974e-14	-1.51799e-13	-6.24663e-13	-4.35974e-16	-2.60080e-15	 1.19327e-14	 5.64112e-11	 2.38685e-13	 1.28859e-15	 1.76065e-11	 2.46158e-21	 3.66699e-13	
 1.56583e-07	-1.78431e-06	 5.49069e-07	 1.70504e-04	 1.18321e-05	 8.60738e-05	-3.14863e-03	 1.32122e-04	-1.28432e-04	-7.77986e-03	-9.46851e-04	 2.86936e-03	 4.70081e-03	-2.42630e-03	-1.13758e-04	-3.50742e-04	-1.11708e-03	-6.10950e-04	 1.52184e-06	 1.45081e-06	 3.92813e-06	 1.18890e-06	-7.17964e-07	-8.94292e-06	-3.50728e-07	 4.03184e-07	-8.28344e-06	 4.24379e-07	-1.37074e-05	-6.02949e-05	-1.40183e-07	-3.68920e-07	 1.65595e-06	 8.17048e-03	 1.23894e-05	 6.68736e-08	 9.62984e-04	 3.66699e-13	 6.70963e-05	
