# omega_b,        omega_cdm,      H0,             A_s,            n_s,            tau_reio,       A_ps_100,       A_ps_143,       A_ps_217,       A_cib_143,      A_cib_217,      A_sz,           r_ps,           r_cib,          n_Dl_cib,       cal_100,        cal_217,        xi_sz_cib,      A_ksz,          Bm_1_1,         z_reio,         Omega_Lambda,   YHe,            ln10^{10}A_s    
 7.75551e-08	-4.15200e-07	 2.35865e-04	 2.76972e-15	 1.14226e-06	 1.04492e-06	-1.30344e-03	-6.27158e-04	-2.20880e-04	-7.72767e-05	-1.85635e-04	 3.02317e-05	 6.99033e-07	-3.15878e-06	-7.67321e-07	 7.57166e-10	-2.03968e-08	 3.82884e-06	-4.27423e-05	-1.20017e-05	 5.64847e-05	 2.95133e-06	 3.33737e-08	 1.25621e-06	
-4.15200e-07	 7.05732e-06	-3.05810e-03	-1.30769e-14	-1.55245e-05	-1.15079e-05	 6.88294e-03	 3.45505e-03	 2.89149e-03	-2.08017e-04	 6.14275e-05	-1.29755e-04	-1.25541e-06	-1.29344e-05	 6.41774e-06	-2.31663e-08	 1.24361e-07	-1.69438e-05	-4.91974e-05	 1.62516e-04	-7.05334e-04	-4.33220e-05	-1.78674e-07	-5.92017e-06	
 2.35865e-04	-3.05810e-03	 1.41876e+00	 8.27748e-12	 7.08188e-03	 5.45404e-03	-3.71894e+00	-1.83445e+00	-1.33241e+00	 1.55910e-02	-1.83207e-01	 6.78515e-02	 6.52889e-04	 2.58849e-03	-2.82933e-03	 8.11513e-06	-6.93204e-05	 1.03127e-02	 3.09385e-03	-7.23967e-02	 3.28559e-01	 1.95069e-02	 1.01492e-04	 3.75266e-03	
 2.76972e-15	-1.30769e-14	 8.27748e-12	 2.88537e-21	 8.23337e-14	 6.64880e-13	-1.24971e-10	-8.99215e-12	 4.34224e-11	-2.30787e-11	-3.53545e-11	-1.02642e-12	 1.53189e-13	-9.57399e-13	-2.97711e-14	 1.72602e-16	-4.64799e-16	 8.94443e-13	-1.04723e-11	 1.08988e-12	 5.69624e-11	 9.97368e-14	 1.19084e-15	 1.31133e-12	
 1.14226e-06	-1.55245e-05	 7.08188e-03	 8.23337e-14	 5.30187e-05	 3.79716e-05	-4.96295e-02	-8.78338e-03	 5.77463e-03	-4.46187e-03	-7.72229e-03	-6.37275e-05	 3.73337e-05	-1.93728e-04	-1.35786e-05	-9.80831e-09	-3.62086e-08	 1.02519e-04	-2.57412e-03	-1.94063e-04	 2.58296e-03	 9.79904e-05	 4.91391e-07	 3.73393e-05	
 1.04492e-06	-1.15079e-05	 5.45404e-03	 6.64880e-13	 3.79716e-05	 1.65658e-04	-3.44960e-02	-8.20039e-03	 2.11019e-03	-3.61471e-03	-6.44468e-03	 2.72208e-04	 2.13784e-05	-1.23007e-04	-3.15736e-05	 4.40489e-08	-5.84919e-07	 1.91061e-04	-1.56387e-03	-2.53132e-04	 1.38890e-02	 7.40734e-05	 4.49418e-07	 3.02214e-04	
-1.30344e-03	 6.88294e-03	-3.71894e+00	-1.24971e-10	-4.96295e-02	-3.44960e-02	 3.55832e+03	 1.24403e+02	-1.06834e+02	 5.77087e+01	 8.12857e+01	-6.74258e+01	-8.13121e-01	-7.10194e-02	 6.61262e-01	 5.07133e-04	-3.47631e-04	-2.74713e-01	-1.49697e+01	 1.72733e+01	-2.45494e+00	-4.75508e-02	-5.61620e-04	-5.67994e-02	
-6.27158e-04	 3.45505e-03	-1.83445e+00	-8.99215e-12	-8.78338e-03	-8.20039e-03	 1.24403e+02	 1.78268e+02	 2.19279e+01	-3.62202e+01	 5.79232e+00	-6.88587e+00	-1.64112e-01	-1.09151e-01	 1.03341e-01	 1.60105e-04	 9.68117e-04	 1.01379e+00	-1.30615e+01	 5.14552e-01	-4.22109e-01	-2.32902e-02	-2.69982e-04	-3.93629e-03	
-2.20880e-04	 2.89149e-03	-1.33241e+00	 4.34224e-11	 5.77463e-03	 2.11019e-03	-1.06834e+02	 2.19279e+01	 2.60470e+02	-1.69831e+01	-1.01350e+02	 3.66532e+00	 4.33014e-02	-1.44705e+00	-8.56984e-01	-1.86354e-04	-3.38505e-03	 5.22062e-01	-9.95272e+00	 1.04361e+00	 3.28225e-01	-1.82011e-02	-9.49416e-05	 1.98733e-02	
-7.72767e-05	-2.08017e-04	 1.55910e-02	-2.30787e-11	-4.46187e-03	-3.61471e-03	 5.77087e+01	-3.62202e+01	-1.69831e+01	 2.70176e+01	 1.07318e+01	-1.96461e+00	 1.89690e-02	 1.87968e-01	 8.55473e-02	-2.31397e-05	-4.74629e-04	 9.08473e-02	-5.59516e-01	-4.08207e-01	-2.99367e-01	 6.72111e-04	-3.32396e-05	-1.05208e-02	
-1.85635e-04	 6.14275e-05	-1.83207e-01	-3.53545e-11	-7.72229e-03	-6.44468e-03	 8.12857e+01	 5.79232e+00	-1.01350e+02	 1.07318e+01	 5.08873e+01	-1.67355e+00	 2.03125e-02	 6.63970e-01	 5.19129e-01	 1.00435e-04	 1.69719e-03	-2.75067e-01	-1.78344e+00	-3.64283e-01	-5.02506e-01	-1.55007e-03	-7.99520e-05	-1.60897e-02	
 3.02317e-05	-1.29755e-04	 6.78515e-02	-1.02642e-12	-6.37275e-05	 2.72208e-04	-6.74258e+01	-6.88587e+00	 3.66532e+00	-1.96461e+00	-1.67355e+00	 7.49908e+00	 4.16213e-02	 2.41661e-01	-4.08043e-02	 3.31701e-05	-2.04267e-04	 5.84566e-03	-1.93878e-01	 1.73715e-01	 1.18971e-02	 8.96587e-04	 1.30133e-05	-4.55370e-04	
 6.99033e-07	-1.25541e-06	 6.52889e-04	 1.53189e-13	 3.73337e-05	 2.13784e-05	-8.13121e-01	-1.64112e-01	 4.33014e-02	 1.89690e-02	 2.03125e-02	 4.16213e-02	 6.17548e-03	-5.09937e-03	 4.17548e-03	 4.95974e-07	-5.03596e-06	 3.59298e-03	-1.14662e-02	 3.43911e-03	 1.64496e-03	 7.58864e-06	 3.00969e-07	 6.97931e-05	
-3.15878e-06	-1.29344e-05	 2.58849e-03	-9.57399e-13	-1.93728e-04	-1.23007e-04	-7.10194e-02	-1.09151e-01	-1.44705e+00	 1.87968e-01	 6.63970e-01	 2.41661e-01	-5.09937e-03	 4.23317e-02	-4.73241e-03	 3.34711e-06	 2.55533e-05	 2.14441e-03	-4.24716e-02	-9.29624e-03	-1.01127e-02	 5.90077e-05	-1.36435e-06	-4.35977e-04	
-7.67321e-07	 6.41774e-06	-2.82933e-03	-2.97711e-14	-1.35786e-05	-3.15736e-05	 6.61262e-01	 1.03341e-01	-8.56984e-01	 8.55473e-02	 5.19129e-01	-4.08043e-02	 4.17548e-03	-4.73241e-03	 1.51308e-02	 1.10243e-06	 9.94133e-06	-7.94946e-04	-8.08438e-03	 6.86470e-03	-2.26534e-03	-3.98599e-05	-3.28321e-07	-1.30401e-05	
 7.57166e-10	-2.31663e-08	 8.11513e-06	 1.72602e-16	-9.80831e-09	 4.40489e-08	 5.07133e-04	 1.60105e-04	-1.86354e-04	-2.31397e-05	 1.00435e-04	 3.31701e-05	 4.95974e-07	 3.34711e-06	 1.10243e-06	 1.64645e-07	 2.18032e-08	 5.66280e-07	-4.81676e-06	-1.72123e-05	 2.52197e-06	 1.15342e-07	 3.19893e-10	 7.49672e-08	
-2.03968e-08	 1.24361e-07	-6.93204e-05	-4.64799e-16	-3.62086e-08	-5.84919e-07	-3.47631e-04	 9.68117e-04	-3.38505e-03	-4.74629e-04	 1.69719e-03	-2.04267e-04	-5.03596e-06	 2.55533e-05	 9.94133e-06	 2.18032e-08	 1.90248e-06	-1.19820e-05	 6.85398e-06	 1.19005e-04	-4.19070e-05	-8.82301e-07	-8.77803e-09	-2.13412e-07	
 3.82884e-06	-1.69438e-05	 1.03127e-02	 8.94443e-13	 1.02519e-04	 1.91061e-04	-2.74713e-01	 1.01379e+00	 5.22062e-01	 9.08473e-02	-2.75067e-01	 5.84566e-03	 3.59298e-03	 2.14441e-03	-7.94946e-04	 5.66280e-07	-1.19820e-05	 8.12758e-02	 2.43337e-02	 8.05191e-03	 1.52207e-02	 1.26687e-04	 1.64709e-06	 4.05885e-04	
-4.27423e-05	-4.91974e-05	 3.09385e-03	-1.04723e-11	-2.57412e-03	-1.56387e-03	-1.49697e+01	-1.30615e+01	-9.95272e+00	-5.59516e-01	-1.78344e+00	-1.93878e-01	-1.14662e-02	-4.24716e-02	-8.08438e-03	-4.81676e-06	 6.85398e-06	 2.43337e-02	 7.97158e+00	-2.63212e-03	-1.22644e-01	 2.46097e-04	-1.83675e-05	-4.76147e-03	
-1.20017e-05	 1.62516e-04	-7.23967e-02	 1.08988e-12	-1.94063e-04	-2.53132e-04	 1.72733e+01	 5.14552e-01	 1.04361e+00	-4.08207e-01	-3.64283e-01	 1.73715e-01	 3.43911e-03	-9.29624e-03	 6.86470e-03	-1.72123e-05	 1.19005e-04	 8.05191e-03	-2.63212e-03	 3.22595e-01	-1.41389e-02	-1.00407e-03	-5.16504e-06	 5.00252e-04	
 5.64847e-05	-7.05334e-04	 3.28559e-01	 5.69624e-11	 2.58296e-03	 1.38890e-02	-2.45494e+00	-4.22109e-01	 3.28225e-01	-2.99367e-01	-5.02506e-01	 1.18971e-02	 1.64496e-03	-1.01127e-02	-2.26534e-03	 2.52197e-06	-4.19070e-05	 1.52207e-02	-1.22644e-01	-1.41389e-02	 1.18286e+00	 4.50806e-03	 2.42916e-05	 2.59086e-02	
 2.95133e-06	-4.33220e-05	 1.95069e-02	 9.97368e-14	 9.79904e-05	 7.40734e-05	-4.75508e-02	-2.32902e-02	-1.82011e-02	 6.72111e-04	-1.55007e-03	 8.96587e-04	 7.58864e-06	 5.90077e-05	-3.98599e-05	 1.15342e-07	-8.82301e-07	 1.26687e-04	 2.46097e-04	-1.00407e-03	 4.50806e-03	 2.72233e-04	 1.27026e-06	 4.52018e-05	
 3.33737e-08	-1.78674e-07	 1.01492e-04	 1.19084e-15	 4.91391e-07	 4.49418e-07	-5.61620e-04	-2.69982e-04	-9.49416e-05	-3.32396e-05	-7.99520e-05	 1.30133e-05	 3.00969e-07	-1.36435e-06	-3.28321e-07	 3.19893e-10	-8.77803e-09	 1.64709e-06	-1.83675e-05	-5.16504e-06	 2.42916e-05	 1.27026e-06	 1.43624e-08	 5.40123e-07	
 1.25621e-06	-5.92017e-06	 3.75266e-03	 1.31133e-12	 3.73393e-05	 3.02214e-04	-5.67994e-02	-3.93629e-03	 1.98733e-02	-1.05208e-02	-1.60897e-02	-4.55370e-04	 6.97931e-05	-4.35977e-04	-1.30401e-05	 7.49672e-08	-2.13412e-07	 4.05885e-04	-4.76147e-03	 5.00252e-04	 2.59086e-02	 4.52018e-05	 5.40123e-07	 5.96137e-04	
