#          omega_b,        omega_cdm,               H0,              A_s,              n_s,         tau_reio,         A_ps_100,         A_ps_143,         A_ps_217,        A_cib_143,        A_cib_217,             A_sz,             r_ps,            r_cib,         n_Dl_cib,          cal_100,          cal_217,        xi_sz_cib,            A_ksz,           Bm_1_1,     a_ps_act_148,     a_ps_act_217,     r_ps_150x220,             a_ge,             a_gs,     cal_acte_148,     cal_acte_217,     cal_acts_148,     cal_acts_217,      a_ps_spt_95,     a_ps_spt_150,     a_ps_spt_220,  r_ps_spt_95x150,  r_ps_spt_95x220,       cal_spt_95,      cal_spt_150,      cal_spt_220,           z_reio,     Omega_Lambda,              YHe,     ln10^{10}A_s
 5.60698e-08	-9.45797e-08	 7.94016e-05	 1.86290e-15	 3.87846e-07	 4.67966e-07	-3.82626e-05	-6.30865e-04	-5.23044e-04	 1.94294e-06	 5.20655e-05	 1.05911e-05	-1.54473e-06	 8.77682e-08	 1.00984e-06	-1.03580e-10	-2.64673e-09	-2.13888e-06	-3.86475e-05	-4.75445e-06	 1.40448e-05	 4.00577e-05	-2.41728e-07	-1.40553e-05	-1.54618e-05	 2.56847e-07	 3.39011e-07	 2.70122e-07	 3.92260e-07	 1.79476e-05	 1.74662e-05	 7.42791e-05	-3.46799e-07	-7.32971e-07	 6.51315e-07	 6.08981e-07	 5.14767e-07	 1.93308e-05	 7.43620e-07	 2.40036e-08	 8.43697e-07	
-9.45797e-08	 2.29377e-06	-6.51798e-04	-4.73297e-15	-4.85052e-06	-3.96947e-06	 6.65109e-04	 6.94147e-04	 6.44882e-04	-1.41951e-07	 2.24361e-05	-1.69054e-05	-4.62264e-07	-1.98740e-06	 1.88958e-06	-1.59957e-09	 4.53745e-09	-5.51727e-06	-6.85748e-05	 4.79765e-05	-2.33046e-05	-3.84982e-05	-1.97912e-07	 2.19447e-05	-7.67246e-06	-3.40829e-07	-4.40985e-07	-3.10916e-07	-5.19244e-07	 2.68671e-05	-2.98818e-05	-1.87422e-04	-1.12400e-06	-2.29101e-06	-7.15165e-07	-8.55836e-07	-1.00100e-06	-2.55274e-04	-9.66913e-06	-4.04922e-08	-2.12384e-06	
 7.94016e-05	-6.51798e-04	 4.61760e-01	 2.66715e-12	 1.76809e-03	 1.30360e-03	-1.35822e+00	-8.82826e-01	-6.73525e-01	-3.29509e-03	 6.64238e-02	 1.66475e-02	-1.77006e-03	 3.98836e-04	 1.07684e-03	 9.64120e-07	 3.24932e-06	-4.41625e-03	-3.49188e-02	-1.51667e-02	 1.79742e-02	 8.49403e-02	-4.57199e-04	-1.77759e-02	-2.27123e-02	 3.99373e-04	 5.69004e-04	 4.45748e-04	 5.10092e-04	 2.06681e-02	 2.49311e-02	 1.51599e-01	-8.49392e-04	-1.42137e-03	 9.13944e-04	 7.90238e-04	 8.68875e-04	 6.57141e-02	 5.56470e-03	 3.39942e-05	 1.20830e-03	
 1.86290e-15	-4.73297e-15	 2.66715e-12	 3.02314e-21	 5.11540e-14	 6.88239e-13	-5.02492e-11	-6.13933e-11	-4.17643e-11	-3.33053e-13	 5.13114e-12	 1.77498e-12	-1.81481e-13	-3.96984e-14	 2.27524e-13	-1.55628e-16	 2.40350e-15	-3.71689e-13	-5.43321e-12	 4.92333e-13	 5.12221e-13	 5.52550e-12	-5.93191e-15	-4.04849e-13	-2.00726e-12	 2.25787e-14	 2.20884e-14	 1.71714e-14	 3.83020e-14	 1.63510e-12	 1.58575e-12	 8.03400e-13	-1.90825e-14	-6.77730e-14	 7.26799e-14	 5.73532e-14	 3.38075e-14	 5.78238e-11	 2.56970e-14	 7.96144e-16	 1.36981e-12	
 3.87846e-07	-4.85052e-06	 1.76809e-03	 5.11540e-14	 2.64295e-05	 1.88767e-05	-3.32495e-02	-1.49585e-02	-1.06643e-02	 6.77373e-05	 1.78808e-03	 7.37061e-04	-2.19371e-05	 4.31659e-06	 3.71093e-05	-4.80233e-08	 4.74537e-07	-1.04644e-04	-1.16966e-03	-5.96765e-05	 1.56059e-04	-7.39498e-05	-1.39630e-06	-7.86103e-05	-1.49718e-04	 6.09993e-06	 4.57138e-06	 5.38019e-06	 5.27574e-06	 1.86254e-05	 2.34161e-04	 4.09520e-04	-1.75269e-07	 4.10450e-06	 1.14450e-05	 1.04106e-05	 7.46072e-06	 1.36868e-03	 2.35573e-05	 1.65889e-07	 2.31077e-05	
 4.67966e-07	-3.96947e-06	 1.30360e-03	 6.88239e-13	 1.88767e-05	 1.62189e-04	-1.12488e-02	-1.29081e-02	-9.43179e-03	-6.32624e-05	 7.59130e-04	 2.92277e-04	-3.52899e-05	-4.34360e-06	 3.68223e-05	-5.74795e-08	 2.09963e-07	-4.38818e-05	-8.40947e-04	-2.32702e-04	 1.40959e-04	 1.40215e-03	-9.29122e-07	-1.66580e-04	-5.12489e-04	 4.35334e-06	 4.93811e-06	 2.76235e-06	 8.34263e-06	 2.82221e-04	 3.96756e-04	 8.02709e-04	 5.69898e-07	-7.75441e-06	 1.62076e-05	 1.32347e-05	 9.18622e-06	 1.35606e-02	 1.70784e-05	 2.00019e-07	 3.11904e-04	
-3.82626e-05	 6.65109e-04	-1.35822e+00	-5.02492e-11	-3.32495e-02	-1.12488e-02	 2.82634e+03	 8.48759e+01	 1.00418e+01	-2.99858e-01	 5.96982e+00	-1.01972e+01	-2.99123e-02	-7.24418e-02	 1.57039e-01	 6.66500e-04	-4.97653e-03	 3.41267e-01	 6.67092e+00	 1.90276e+01	-4.68630e-01	-7.60918e+00	-6.59654e-02	 3.89665e-01	 2.53881e+00	-9.24206e-03	 1.14467e-02	-1.26445e-02	 2.10525e-02	 6.91174e+00	-8.04814e-01	-1.15103e+00	-1.40978e-01	-5.34709e-01	-3.74792e-02	-3.43134e-02	 2.00146e-03	-9.64967e-01	-1.60483e-02	-1.54468e-05	-2.34910e-02	
-6.30865e-04	 6.94147e-04	-8.82826e-01	-6.13933e-11	-1.49585e-02	-1.29081e-02	 8.48759e+01	 6.37331e+01	 1.79641e+01	-2.44128e-02	-1.20092e+00	-2.05869e+00	 3.54157e-02	 1.88417e-03	-4.93231e-02	 7.95756e-05	-7.59840e-04	 1.55114e-01	 5.23499e-01	-3.90603e-02	 8.36584e-02	-3.56155e-01	-2.20264e-02	 5.64358e-01	 7.14243e-01	-1.06997e-02	-5.72182e-03	-1.03433e-02	-7.75672e-03	 1.26778e+00	-1.69075e-01	-6.57372e-01	-7.89234e-03	-7.15085e-02	-2.31825e-02	-1.85249e-02	-1.15437e-02	-8.75399e-01	-7.95466e-03	-2.69969e-04	-2.78406e-02	
-5.23044e-04	 6.44882e-04	-6.73525e-01	-4.17643e-11	-1.06643e-02	-9.43179e-03	 1.00418e+01	 1.79641e+01	 9.31173e+01	-9.72101e-01	-3.47529e+01	 7.06371e-01	-3.29963e-01	-3.31466e-02	-3.84335e-01	 2.55653e-05	-7.83774e-05	 4.95032e-02	 7.08326e-02	-2.64321e-02	 2.78830e-01	 1.97351e+01	-6.93068e-04	 1.14492e+00	 1.07592e+00	-4.40496e-04	-2.91879e-02	-1.56295e-03	-2.53095e-02	-1.01422e+00	 7.29533e-01	 1.11435e+01	-2.47596e-02	-6.50316e-02	-1.17101e-02	-1.33235e-02	-5.81482e-02	-6.07417e-01	-6.03151e-03	-2.23856e-04	-1.88512e-02	
 1.94294e-06	-1.41951e-07	-3.29509e-03	-3.33053e-13	 6.77373e-05	-6.32624e-05	-2.99858e-01	-2.44128e-02	-9.72101e-01	 6.86867e-01	 1.30423e+00	 5.38409e-01	-4.12730e-04	-3.67179e-03	 2.88871e-03	 4.36638e-06	 2.33016e-05	 8.61535e-05	-9.04427e-01	-3.21954e-03	-6.66657e-03	-3.91752e-01	-4.80221e-03	-5.51312e-02	-3.03006e-02	-2.21544e-04	 7.90094e-05	-5.57623e-05	 2.12561e-04	-1.84381e-01	-8.29227e-02	-2.02230e-01	 4.79969e-02	 4.60305e-02	-2.34610e-04	 4.16782e-04	 2.01646e-03	-6.14301e-03	-4.62818e-05	 8.29097e-07	-1.57723e-04	
 5.20655e-05	 2.24361e-05	 6.64238e-02	 5.13114e-12	 1.78808e-03	 7.59130e-04	 5.96982e+00	-1.20092e+00	-3.47529e+01	 1.30423e+00	 2.42014e+01	 1.95139e+00	 1.90861e-01	 2.00936e-02	 3.18741e-01	 1.23449e-05	 3.34661e-05	-3.84306e-01	-4.23637e+00	 2.01911e-01	-6.21753e-01	-1.53173e+01	-7.01965e-03	-2.53965e-01	-1.72490e-01	-2.47768e-03	 8.18333e-03	-1.34318e-03	 5.44428e-03	-7.79678e-02	-9.62709e-01	-1.14197e+01	 6.14808e-02	 7.99098e-02	 1.54090e-03	-1.18527e-03	 2.04429e-02	 4.47668e-02	 4.73439e-04	 2.22934e-05	 2.30058e-03	
 1.05911e-05	-1.69054e-05	 1.66475e-02	 1.77498e-12	 7.37061e-04	 2.92277e-04	-1.01972e+01	-2.05869e+00	 7.06371e-01	 5.38409e-01	 1.95139e+00	 2.00401e+00	 1.66814e-02	 2.26962e-02	 1.98288e-02	 1.47431e-05	-2.34687e-05	-1.89385e-01	-2.35685e+00	 6.73105e-02	-1.32260e-01	-1.03527e+00	-2.12198e-03	-8.37677e-03	-3.33601e-02	 4.09519e-04	-2.87199e-03	 2.92703e-04	-3.02040e-03	-8.81813e-01	-1.42161e-01	-1.57936e+00	 4.42774e-02	 7.64017e-02	 3.79289e-03	 5.96633e-05	-2.47708e-03	 2.11233e-02	 1.49360e-04	 4.53285e-06	 8.01436e-04	
-1.54473e-06	-4.62264e-07	-1.77006e-03	-1.81481e-13	-2.19371e-05	-3.52899e-05	-2.99123e-02	 3.54157e-02	-3.29963e-01	-4.12730e-04	 1.90861e-01	 1.66814e-02	 4.63974e-03	-1.32650e-04	 1.76325e-03	 5.71261e-07	 2.22844e-07	-1.61175e-03	-1.55898e-02	 1.06780e-05	-2.35558e-03	-1.28142e-01	 4.20406e-04	 1.79654e-03	 1.44646e-03	-4.35496e-05	 3.93918e-05	-3.37139e-05	-1.20537e-05	-8.59550e-03	-2.08460e-03	-9.75629e-02	 1.97503e-04	 1.34358e-03	 5.19009e-05	-4.76907e-05	 1.32203e-04	-2.48769e-03	-1.22049e-05	-6.60412e-07	-8.20304e-05	
 8.77682e-08	-1.98740e-06	 3.98836e-04	-3.96984e-14	 4.31659e-06	-4.34360e-06	-7.24418e-02	 1.88417e-03	-3.31466e-02	-3.67179e-03	 2.00936e-02	 2.26962e-02	-1.32650e-04	 3.01920e-03	-2.23350e-04	-4.64696e-08	 2.28657e-06	-1.39680e-04	-1.00286e-02	 6.28614e-04	 7.20621e-03	 3.49325e-03	-4.77287e-04	-3.70805e-03	-4.07154e-03	-4.33374e-06	 3.07554e-05	-5.91549e-07	 3.20494e-05	-1.63054e-02	 4.38767e-03	 4.31199e-03	 1.71939e-04	 1.89191e-03	 5.22749e-05	 2.52207e-05	 9.67521e-05	-4.53434e-04	 5.84659e-06	 3.71772e-08	-1.82017e-05	
 1.00984e-06	 1.88958e-06	 1.07684e-03	 2.27524e-13	 3.71093e-05	 3.68223e-05	 1.57039e-01	-4.93231e-02	-3.84335e-01	 2.88871e-03	 3.18741e-01	 1.98288e-02	 1.76325e-03	-2.23350e-04	 6.54116e-03	 1.55465e-07	-5.88968e-06	-5.03023e-03	-3.61779e-02	 6.75557e-03	-1.20054e-02	-2.56578e-01	 3.42269e-04	-1.56652e-04	-4.26673e-04	 5.23151e-07	 4.32733e-05	 2.54620e-06	-1.19956e-06	-6.12642e-04	-1.37922e-02	-2.14360e-01	-2.36563e-05	 5.67934e-04	 8.95315e-05	-1.23067e-05	 1.11386e-04	 2.79957e-03	 5.43086e-06	 4.32738e-07	 1.02979e-04	
-1.03580e-10	-1.59957e-09	 9.64120e-07	-1.55628e-16	-4.80233e-08	-5.74795e-08	 6.66500e-04	 7.95756e-05	 2.55653e-05	 4.36638e-06	 1.23449e-05	 1.47431e-05	 5.71261e-07	-4.64696e-08	 1.55465e-07	 1.59787e-07	 3.69126e-10	-1.54264e-06	-1.69253e-05	-1.93741e-05	-6.76143e-07	 2.38528e-06	 7.68083e-08	 2.47209e-06	 1.85021e-06	 1.43669e-08	 6.33827e-09	 2.99976e-08	-4.29860e-09	 3.57361e-06	-9.01064e-07	-3.16980e-05	 4.40987e-07	 8.06928e-07	 7.87606e-08	 1.07424e-08	 1.18472e-07	-4.87660e-06	 1.59209e-08	-4.82716e-11	-6.98663e-08	
-2.64673e-09	 4.53745e-09	 3.24932e-06	 2.40350e-15	 4.74537e-07	 2.09963e-07	-4.97653e-03	-7.59840e-04	-7.83774e-05	 2.33016e-05	 3.34661e-05	-2.34687e-05	 2.22844e-07	 2.28657e-06	-5.88968e-06	 3.69126e-10	 1.79034e-06	 7.63121e-06	 1.07523e-05	 1.07686e-04	 1.90441e-05	 2.32156e-04	-1.00789e-06	-1.67888e-05	-3.88950e-05	 4.88691e-07	 8.16124e-07	 4.05782e-07	 7.93427e-07	-9.45657e-06	 1.35812e-05	 2.92880e-04	 1.72319e-06	-2.45443e-07	 1.66402e-07	 5.65084e-07	 1.13161e-06	 1.83977e-05	 4.41158e-08	-1.13309e-09	 1.08576e-06	
-2.13888e-06	-5.51727e-06	-4.41625e-03	-3.71689e-13	-1.04644e-04	-4.38818e-05	 3.41267e-01	 1.55114e-01	 4.95032e-02	 8.61535e-05	-3.84306e-01	-1.89385e-01	-1.61175e-03	-1.39680e-04	-5.03023e-03	-1.54264e-06	 7.63121e-06	 6.16129e-02	 3.62455e-01	-1.05865e-02	 5.88579e-02	 1.90775e-01	 9.91916e-04	-7.73982e-04	-4.24724e-03	 4.67357e-05	 2.63877e-04	 4.64022e-05	 2.65360e-04	 1.89711e-02	 5.28871e-02	 2.72276e-01	 3.32619e-03	 6.92084e-03	-1.39191e-04	 2.57550e-04	 5.99326e-04	-3.02952e-03	-3.20657e-05	-9.14598e-07	-1.67965e-04	
-3.86475e-05	-6.85748e-05	-3.49188e-02	-5.43321e-12	-1.16966e-03	-8.40947e-04	 6.67092e+00	 5.23499e-01	 7.08326e-02	-9.04427e-01	-4.23637e+00	-2.35685e+00	-1.55898e-02	-1.00286e-02	-3.61779e-02	-1.69253e-05	 1.07523e-05	 3.62455e-01	 4.53758e+00	-7.29769e-02	 1.98071e-01	 1.62468e+00	 1.64780e-02	-2.31420e-01	-2.16627e-01	 1.15971e-04	 2.43036e-03	-1.95125e-05	 2.68459e-03	 3.89764e-01	 2.75607e-01	 2.47139e+00	-4.84584e-02	-3.77658e-02	-3.61768e-04	 1.94889e-03	 3.66085e-03	-5.90511e-02	-1.34494e-04	-1.65358e-05	-2.44718e-03	
-4.75445e-06	 4.79765e-05	-1.51667e-02	 4.92333e-13	-5.96765e-05	-2.32702e-04	 1.90276e+01	-3.90603e-02	-2.64321e-02	-3.21954e-03	 2.01911e-01	 6.73105e-02	 1.06780e-05	 6.28614e-04	 6.75557e-03	-1.93741e-05	 1.07686e-04	-1.05865e-02	-7.29769e-02	 3.03349e-01	-1.19998e-02	-1.64336e-01	 3.93986e-04	 1.48070e-02	 1.82477e-02	 3.93649e-04	 1.25678e-05	 3.33261e-04	 1.23951e-04	-1.79575e-02	-9.29250e-03	-2.40569e-01	-2.13187e-04	 8.31409e-04	 5.36193e-04	 1.05715e-04	-2.31669e-04	-1.73689e-02	-2.17506e-04	-2.03132e-06	 2.20968e-04	
 1.40448e-05	-2.33046e-05	 1.79742e-02	 5.12221e-13	 1.56059e-04	 1.40959e-04	-4.68630e-01	 8.36584e-02	 2.78830e-01	-6.66657e-03	-6.21753e-01	-1.32260e-01	-2.35558e-03	 7.20621e-03	-1.20054e-02	-6.76143e-07	 1.90441e-05	 5.88579e-02	 1.98071e-01	-1.19998e-02	 3.36552e-01	 3.89547e-01	-4.76622e-03	-6.49275e-02	-1.02401e-01	 5.91834e-04	-8.22099e-05	 3.65850e-04	-8.41786e-05	 3.14771e-02	 1.53687e-01	 7.36012e-01	 6.52695e-03	 9.65868e-03	-3.32987e-04	 3.41676e-04	 1.29316e-03	 6.53387e-03	 1.70744e-04	 6.00944e-06	 2.28429e-04	
 4.00577e-05	-3.84982e-05	 8.49403e-02	 5.52550e-12	-7.39498e-05	 1.40215e-03	-7.60918e+00	-3.56155e-01	 1.97351e+01	-3.91752e-01	-1.53173e+01	-1.03527e+00	-1.28142e-01	 3.49325e-03	-2.56578e-01	 2.38528e-06	 2.32156e-04	 1.90775e-01	 1.62468e+00	-1.64336e-01	 3.89547e-01	 2.02826e+01	-1.51065e-02	 4.18950e-01	 3.36651e-01	 3.58255e-03	 1.59352e-02	 2.43385e-03	 2.37673e-02	 2.15118e-01	 6.30011e-01	 9.06172e+00	-1.83284e-02	-5.62551e-02	-1.39627e-03	 2.31747e-03	-7.83881e-03	 1.06683e-01	 8.36726e-04	 1.71046e-05	 2.51422e-03	
-2.41728e-07	-1.97912e-07	-4.57199e-04	-5.93191e-15	-1.39630e-06	-9.29122e-07	-6.59654e-02	-2.20264e-02	-6.93068e-04	-4.80221e-03	-7.01965e-03	-2.12198e-03	 4.20406e-04	-4.77287e-04	 3.42269e-04	 7.68083e-08	-1.00789e-06	 9.91916e-04	 1.64780e-02	 3.93986e-04	-4.76622e-03	-1.51065e-02	 5.32216e-04	 2.26072e-03	 2.06642e-03	 1.40733e-05	-1.72408e-05	 8.35608e-06	-2.25397e-05	-3.46178e-03	 8.00373e-05	-3.06954e-02	-2.13588e-04	 3.63282e-04	 5.66056e-05	 1.39524e-05	-9.62566e-05	 2.11423e-05	-3.53387e-06	-1.03048e-07	-2.45614e-06	
-1.40553e-05	 2.19447e-05	-1.77759e-02	-4.04849e-13	-7.86103e-05	-1.66580e-04	 3.89665e-01	 5.64358e-01	 1.14492e+00	-5.51312e-02	-2.53965e-01	-8.37677e-03	 1.79654e-03	-3.70805e-03	-1.56652e-04	 2.47209e-06	-1.67888e-05	-7.73982e-04	-2.31420e-01	 1.48070e-02	-6.49275e-02	 4.18950e-01	 2.26072e-03	 1.15031e+00	 2.76601e-01	 4.47660e-03	 2.88980e-03	 2.08983e-04	 6.86992e-04	 1.09032e-01	 5.72513e-02	-3.62182e-01	-3.19252e-03	-2.47063e-04	-5.25657e-04	-6.29471e-04	-2.07218e-03	-9.69818e-03	-1.46221e-04	-6.01759e-06	-1.88779e-04	
-1.54618e-05	-7.67246e-06	-2.27123e-02	-2.00726e-12	-1.49718e-04	-5.12489e-04	 2.53881e+00	 7.14243e-01	 1.07592e+00	-3.03006e-02	-1.72490e-01	-3.33601e-02	 1.44646e-03	-4.07154e-03	-4.26673e-04	 1.85021e-06	-3.88950e-05	-4.24724e-03	-2.16627e-01	 1.82477e-02	-1.02401e-01	 3.36651e-01	 2.06642e-03	 2.76601e-01	 1.49390e+00	-9.95579e-06	 3.88985e-04	 5.65653e-03	 3.47046e-03	 1.09929e-01	 4.36793e-02	-3.84102e-01	-3.26018e-03	-3.94886e-03	-7.53732e-04	-6.32730e-04	-2.53470e-03	-3.95814e-02	-1.70039e-04	-6.62534e-06	-9.23261e-04	
 2.56847e-07	-3.40829e-07	 3.99373e-04	 2.25787e-14	 6.09993e-06	 4.35334e-06	-9.24206e-03	-1.06997e-02	-4.40496e-04	-2.21544e-04	-2.47768e-03	 4.09519e-04	-4.35496e-05	-4.33374e-06	 5.23151e-07	 1.43669e-08	 4.88691e-07	 4.67357e-05	 1.15971e-04	 3.93649e-04	 5.91834e-04	 3.58255e-03	 1.40733e-05	 4.47660e-03	-9.95579e-06	 6.93919e-05	 1.88230e-05	 6.50479e-06	 9.01496e-06	-1.38411e-04	 3.47049e-04	 7.63652e-04	-3.31252e-06	 2.95923e-05	 1.14097e-05	 7.80432e-06	-1.77175e-06	 2.76152e-04	 3.81203e-06	 1.09982e-07	 1.02380e-05	
 3.39011e-07	-4.40985e-07	 5.69004e-04	 2.20884e-14	 4.57138e-06	 4.93811e-06	 1.14467e-02	-5.72182e-03	-2.91879e-02	 7.90094e-05	 8.18333e-03	-2.87199e-03	 3.93918e-05	 3.07554e-05	 4.32733e-05	 6.33827e-09	 8.16124e-07	 2.63877e-04	 2.43036e-03	 1.25678e-05	-8.22099e-05	 1.59352e-02	-1.72408e-05	 2.88980e-03	 3.88985e-04	 1.88230e-05	 1.16744e-04	 5.22572e-06	 6.96537e-05	 1.66160e-03	 8.92544e-05	 2.63827e-04	-1.98164e-05	-5.66623e-05	 3.87375e-06	 9.96860e-06	 2.71911e-05	 2.99765e-04	 5.55703e-06	 1.44931e-07	 1.00557e-05	
 2.70122e-07	-3.10916e-07	 4.45748e-04	 1.71714e-14	 5.38019e-06	 2.76235e-06	-1.26445e-02	-1.03433e-02	-1.56295e-03	-5.57623e-05	-1.34318e-03	 2.92703e-04	-3.37139e-05	-5.91549e-07	 2.54620e-06	 2.99976e-08	 4.05782e-07	 4.64022e-05	-1.95125e-05	 3.33261e-04	 3.65850e-04	 2.43385e-03	 8.35608e-06	 2.08983e-04	 5.65653e-03	 6.50479e-06	 5.22572e-06	 7.55112e-05	 2.15200e-05	 1.00077e-04	 3.02399e-04	 3.30368e-04	-7.72304e-06	 9.09417e-06	 7.77760e-06	 6.45239e-06	 3.98588e-07	 1.28229e-04	 4.10810e-06	 1.15618e-07	 7.69321e-06	
 3.92260e-07	-5.19244e-07	 5.10092e-04	 3.83020e-14	 5.27574e-06	 8.34263e-06	 2.10525e-02	-7.75672e-03	-2.53095e-02	 2.12561e-04	 5.44428e-03	-3.02040e-03	-1.20537e-05	 3.20494e-05	-1.19956e-06	-4.29860e-09	 7.93427e-07	 2.65360e-04	 2.68459e-03	 1.23951e-04	-8.41786e-05	 2.37673e-02	-2.25397e-05	 6.86992e-04	 3.47046e-03	 9.01496e-06	 6.96537e-05	 2.15200e-05	 1.88857e-04	 1.43477e-03	 4.65408e-05	 2.75288e-03	-1.65887e-05	-7.27711e-05	 1.37337e-06	 1.18965e-05	 3.02961e-05	 5.65844e-04	 4.60244e-06	 1.67850e-07	 1.72846e-05	
 1.79476e-05	 2.68671e-05	 2.06681e-02	 1.63510e-12	 1.86254e-05	 2.82221e-04	 6.91174e+00	 1.26778e+00	-1.01422e+00	-1.84381e-01	-7.79678e-02	-8.81813e-01	-8.59550e-03	-1.63054e-02	-6.12642e-04	 3.57361e-06	-9.45657e-06	 1.89711e-02	 3.89764e-01	-1.79575e-02	 3.14771e-02	 2.15118e-01	-3.46178e-03	 1.09032e-01	 1.09929e-01	-1.38411e-04	 1.66160e-03	 1.00077e-04	 1.43477e-03	 2.27633e+00	 1.43334e-02	 4.25091e-01	-8.79038e-02	-1.09290e-01	-3.30614e-04	 1.48842e-04	 9.90498e-04	 1.76635e-02	 1.17151e-04	 7.67920e-06	 7.34249e-04	
 1.74662e-05	-2.98818e-05	 2.49311e-02	 1.58575e-12	 2.34161e-04	 3.96756e-04	-8.04814e-01	-1.69075e-01	 7.29533e-01	-8.29227e-02	-9.62709e-01	-1.42161e-01	-2.08460e-03	 4.38767e-03	-1.37922e-02	-9.01064e-07	 1.35812e-05	 5.28871e-02	 2.75607e-01	-9.29250e-03	 1.53687e-01	 6.30011e-01	 8.00373e-05	 5.72513e-02	 4.36793e-02	 3.47049e-04	 8.92544e-05	 3.02399e-04	 4.65408e-05	 1.43334e-02	 2.58651e-01	 4.94542e-01	 1.67120e-03	 9.89909e-03	 5.87831e-04	 2.36013e-04	-2.85490e-04	 2.75128e-02	 2.43575e-04	 7.47228e-06	 7.20005e-04	
 7.42791e-05	-1.87422e-04	 1.51599e-01	 8.03400e-13	 4.09520e-04	 8.02709e-04	-1.15103e+00	-6.57372e-01	 1.11435e+01	-2.02230e-01	-1.14197e+01	-1.57936e+00	-9.75629e-02	 4.31199e-03	-2.14360e-01	-3.16980e-05	 2.92880e-04	 2.72276e-01	 2.47139e+00	-2.40569e-01	 7.36012e-01	 9.06172e+00	-3.06954e-02	-3.62182e-01	-3.84102e-01	 7.63652e-04	 2.63827e-04	 3.30368e-04	 2.75288e-03	 4.25091e-01	 4.94542e-01	 2.04114e+01	-1.98714e-02	-8.89202e-02	-2.30081e-03	 5.32969e-03	 3.25146e-02	 3.97624e-02	 1.56937e-03	 3.17744e-05	 3.68804e-04	
-3.46799e-07	-1.12400e-06	-8.49392e-04	-1.90825e-14	-1.75269e-07	 5.69898e-07	-1.40978e-01	-7.89234e-03	-2.47596e-02	 4.79969e-02	 6.14808e-02	 4.42774e-02	 1.97503e-04	 1.71939e-04	-2.36563e-05	 4.40987e-07	 1.72319e-06	 3.32619e-03	-4.84584e-02	-2.13187e-04	 6.52695e-03	-1.83284e-02	-2.13588e-04	-3.19252e-03	-3.26018e-03	-3.31252e-06	-1.98164e-05	-7.72304e-06	-1.65887e-05	-8.79038e-02	 1.67120e-03	-1.98714e-02	 7.90084e-03	 7.55118e-03	-2.65359e-05	 1.72713e-05	 1.06740e-04	 1.53521e-04	-6.25633e-06	-1.49100e-07	-8.93491e-06	
-7.32971e-07	-2.29101e-06	-1.42137e-03	-6.77730e-14	 4.10450e-06	-7.75441e-06	-5.34709e-01	-7.15085e-02	-6.50316e-02	 4.60305e-02	 7.99098e-02	 7.64017e-02	 1.34358e-03	 1.89191e-03	 5.67934e-04	 8.06928e-07	-2.45443e-07	 6.92084e-03	-3.77658e-02	 8.31409e-04	 9.65868e-03	-5.62551e-02	 3.63282e-04	-2.47063e-04	-3.94886e-03	 2.95923e-05	-5.66623e-05	 9.09417e-06	-7.27711e-05	-1.09290e-01	 9.89909e-03	-8.89202e-02	 7.55118e-03	 1.38613e-02	 1.90828e-04	 8.48571e-05	-7.74791e-05	-4.00507e-04	-9.63924e-06	-3.14056e-07	-3.08307e-05	
 6.51315e-07	-7.15165e-07	 9.13944e-04	 7.26799e-14	 1.14450e-05	 1.62076e-05	-3.74792e-02	-2.31825e-02	-1.17101e-02	-2.34610e-04	 1.54090e-03	 3.79289e-03	 5.19009e-05	 5.22749e-05	 8.95315e-05	 7.87606e-08	 1.66402e-07	-1.39191e-04	-3.61768e-04	 5.36193e-04	-3.32987e-04	-1.39627e-03	 5.66056e-05	-5.25657e-04	-7.53732e-04	 1.14097e-05	 3.87375e-06	 7.77760e-06	 1.37337e-06	-3.30614e-04	 5.87831e-04	-2.30081e-03	-2.65359e-05	 1.90828e-04	 3.69413e-04	 2.76679e-05	 4.60348e-07	 1.17210e-03	 8.00846e-06	 2.78902e-07	 3.31750e-05	
 6.08981e-07	-8.55836e-07	 7.90238e-04	 5.73532e-14	 1.04106e-05	 1.32347e-05	-3.43134e-02	-1.85249e-02	-1.33235e-02	 4.16782e-04	-1.18527e-03	 5.96633e-05	-4.76907e-05	 2.52207e-05	-1.23067e-05	 1.07424e-08	 5.65084e-07	 2.57550e-04	 1.94889e-03	 1.05715e-04	 3.41676e-04	 2.31747e-03	 1.39524e-05	-6.29471e-04	-6.32730e-04	 7.80432e-06	 9.96860e-06	 6.45239e-06	 1.18965e-05	 1.48842e-04	 2.36013e-04	 5.32969e-03	 1.72713e-05	 8.48571e-05	 2.76679e-05	 9.17010e-05	 3.09461e-05	 8.99362e-04	 7.20099e-06	 2.60661e-07	 2.59174e-05	
 5.14767e-07	-1.00100e-06	 8.68875e-04	 3.38075e-14	 7.46072e-06	 9.18622e-06	 2.00146e-03	-1.15437e-02	-5.81482e-02	 2.01646e-03	 2.04429e-02	-2.47708e-03	 1.32203e-04	 9.67521e-05	 1.11386e-04	 1.18472e-07	 1.13161e-06	 5.99326e-04	 3.66085e-03	-2.31669e-04	 1.29316e-03	-7.83881e-03	-9.62566e-05	-2.07218e-03	-2.53470e-03	-1.77175e-06	 2.71911e-05	 3.98588e-07	 3.02961e-05	 9.90498e-04	-2.85490e-04	 3.25146e-02	 1.06740e-04	-7.74791e-05	 4.60348e-07	 3.09461e-05	 5.41482e-04	 5.81186e-04	 8.64950e-06	 2.20125e-07	 1.52352e-05	
 1.93308e-05	-2.55274e-04	 6.57141e-02	 5.78238e-11	 1.36868e-03	 1.35606e-02	-9.64967e-01	-8.75399e-01	-6.07417e-01	-6.14301e-03	 4.47668e-02	 2.11233e-02	-2.48769e-03	-4.53434e-04	 2.79957e-03	-4.87660e-06	 1.83977e-05	-3.02952e-03	-5.90511e-02	-1.73689e-02	 6.53387e-03	 1.06683e-01	 2.11423e-05	-9.69818e-03	-3.95814e-02	 2.76152e-04	 2.99765e-04	 1.28229e-04	 5.65844e-04	 1.76635e-02	 2.75128e-02	 3.97624e-02	 1.53521e-04	-4.00507e-04	 1.17210e-03	 8.99362e-04	 5.81186e-04	 1.14354e+00	 9.40061e-04	 8.24893e-06	 2.62212e-02	
 7.43620e-07	-9.66913e-06	 5.56470e-03	 2.56970e-14	 2.35573e-05	 1.70784e-05	-1.60483e-02	-7.95466e-03	-6.03151e-03	-4.62818e-05	 4.73439e-04	 1.49360e-04	-1.22049e-05	 5.84659e-06	 5.43086e-06	 1.59209e-08	 4.41158e-08	-3.20657e-05	-1.34494e-04	-2.17506e-04	 1.70744e-04	 8.36726e-04	-3.53387e-06	-1.46221e-04	-1.70039e-04	 3.81203e-06	 5.55703e-06	 4.10810e-06	 4.60244e-06	 1.17151e-04	 2.43575e-04	 1.56937e-03	-6.25633e-06	-9.63924e-06	 8.00846e-06	 7.20099e-06	 8.64950e-06	 9.40061e-04	 7.05420e-05	 3.18398e-07	 1.16150e-05	
 2.40036e-08	-4.04922e-08	 3.39942e-05	 7.96144e-16	 1.65889e-07	 2.00019e-07	-1.54468e-05	-2.69969e-04	-2.23856e-04	 8.29097e-07	 2.22934e-05	 4.53285e-06	-6.60412e-07	 3.71772e-08	 4.32738e-07	-4.82716e-11	-1.13309e-09	-9.14598e-07	-1.65358e-05	-2.03132e-06	 6.00944e-06	 1.71046e-05	-1.03048e-07	-6.01759e-06	-6.62534e-06	 1.09982e-07	 1.44931e-07	 1.15618e-07	 1.67850e-07	 7.67920e-06	 7.47228e-06	 3.17744e-05	-1.49100e-07	-3.14056e-07	 2.78902e-07	 2.60661e-07	 2.20125e-07	 8.24893e-06	 3.18398e-07	 1.02764e-08	 3.60573e-07	
 8.43697e-07	-2.12384e-06	 1.20830e-03	 1.36981e-12	 2.31077e-05	 3.11904e-04	-2.34910e-02	-2.78406e-02	-1.88512e-02	-1.57723e-04	 2.30058e-03	 8.01436e-04	-8.20304e-05	-1.82017e-05	 1.02979e-04	-6.98663e-08	 1.08576e-06	-1.67965e-04	-2.44718e-03	 2.20968e-04	 2.28429e-04	 2.51422e-03	-2.45614e-06	-1.88779e-04	-9.23261e-04	 1.02380e-05	 1.00557e-05	 7.69321e-06	 1.72846e-05	 7.34249e-04	 7.20005e-04	 3.68804e-04	-8.93491e-06	-3.08307e-05	 3.31750e-05	 2.59174e-05	 1.52352e-05	 2.62212e-02	 1.16150e-05	 3.60573e-07	 6.20874e-04	
