#          omega_b,        omega_cdm,      100*theta_s,     ln10^{10}A_s,              n_s,         tau_reio,        A_cib_217,        xi_sz_cib,             A_sz,     ps_A_100_100,     ps_A_143_143,     ps_A_143_217,     ps_A_217_217,         ksz_norm,     gal545_A_100,     gal545_A_143, gal545_A_143_217,     gal545_A_217,       calib_100T,       calib_217T,         A_planck,           z_reio,     Omega_Lambda,              YHe,               H0,              A_s,           sigma8
 5.02445e-08	-2.31233e-07	 2.93088e-08	 2.78282e-06	 7.03247e-07	 1.60650e-06	-2.08108e-04	 5.12861e-06	 3.80997e-05	-9.33258e-04	-5.54225e-04	-1.96390e-04	-6.03183e-05	-4.15582e-05	 9.50841e-06	-3.95716e-06	-2.93356e-05	 1.95970e-05	-1.42174e-09	-1.81130e-08	 9.63151e-09	 1.33433e-04	 1.64868e-06	 2.15025e-08	 1.38356e-04	 6.02222e-15	 3.77104e-07	
-2.31233e-07	 3.57474e-06	-2.42698e-07	-3.28952e-05	-8.68216e-06	-2.02920e-05	 9.22656e-04	-3.00558e-05	-8.32280e-05	 3.36593e-03	 2.33635e-03	 9.87564e-04	 3.74194e-04	 1.67856e-04	 1.94399e-05	 8.61396e-05	 2.37571e-04	-5.96737e-05	-1.52526e-08	 6.25331e-08	-3.39635e-07	-1.77671e-03	-2.15433e-05	-9.89520e-08	-1.57395e-03	-7.12263e-14	-3.07747e-06	
 2.93088e-08	-2.42698e-07	 1.81305e-07	 4.26485e-06	 8.38244e-07	 2.32881e-06	-6.44709e-05	 3.64429e-06	 1.55871e-05	-4.68950e-04	-1.59925e-04	-7.82202e-06	-4.14262e-05	-1.42803e-05	 3.59815e-06	-1.16334e-05	 9.69025e-06	 5.50868e-05	 2.58536e-09	 3.01584e-09	 5.49751e-09	 2.06769e-04	 2.04539e-06	 1.25413e-08	 1.74461e-04	 9.22664e-15	 1.20949e-06	
 2.78282e-06	-3.28952e-05	 4.26485e-06	 7.27208e-04	 9.42599e-05	 3.95150e-04	-1.38131e-02	 4.07486e-04	 4.61257e-04	-3.66255e-02	-2.94550e-02	-1.09213e-02	 5.34169e-04	-4.52475e-03	-2.42810e-04	-1.14278e-03	-5.00836e-03	-9.94040e-04	-1.31486e-07	-1.37828e-06	 6.79325e-06	 3.57634e-02	 2.07991e-04	 1.19066e-06	 1.57730e-02	 1.57324e-12	 2.05096e-04	
 7.03247e-07	-8.68216e-06	 8.38244e-07	 9.42599e-05	 3.27512e-05	 5.73823e-05	-6.52338e-03	 2.29524e-04	-6.98748e-06	-2.25812e-02	-7.17638e-03	 1.74092e-03	 5.26901e-03	-3.31607e-03	 3.21547e-04	-2.67439e-04	-1.94721e-03	-3.22473e-04	-2.52876e-07	-5.09574e-07	 7.22203e-07	 5.03216e-03	 5.39151e-05	 3.00952e-07	 4.03550e-03	 2.04172e-13	 1.65787e-05	
 1.60650e-06	-2.02920e-05	 2.32881e-06	 3.95150e-04	 5.73823e-05	 2.24363e-04	-8.26183e-03	 1.91558e-04	 6.50484e-04	-2.78876e-02	-1.97044e-02	-8.72136e-03	-2.79808e-03	-1.87519e-03	-3.99476e-06	-3.89375e-04	-2.45416e-03	-1.06419e-03	-1.48892e-07	-7.96436e-07	-2.15257e-06	 2.02691e-02	 1.26770e-04	 6.87387e-07	 9.52702e-03	 8.55025e-13	 1.04658e-04	
-2.08108e-04	 9.22656e-04	-6.44709e-05	-1.38131e-02	-6.52338e-03	-8.26183e-03	 4.50259e+01	-6.24560e-01	-1.73389e+00	 4.90370e+01	 1.11402e+00	-2.38758e+01	-6.04895e+01	-1.47627e+00	-2.19061e-01	-1.54882e-01	-1.95905e+00	-1.80495e+01	-3.39446e-04	 4.61404e-03	 8.95675e-04	-7.04214e-01	-6.45581e-03	-8.90089e-05	-5.42203e-01	-2.98511e-11	-3.66122e-03	
 5.12861e-06	-3.00558e-05	 3.64429e-06	 4.07486e-04	 2.29524e-04	 1.91558e-04	-6.24560e-01	 7.91924e-02	-8.28376e-02	-6.06462e-01	 1.20899e+00	 2.23846e+00	 1.00619e+00	 4.22359e-02	-1.08810e-02	 8.59014e-03	 1.10052e-01	 1.36356e-01	 8.63379e-06	-2.56246e-05	 1.11178e-05	 1.62238e-02	 2.05209e-04	 2.19396e-06	 1.66782e-02	 8.79256e-13	 1.15697e-04	
 3.80997e-05	-8.32280e-05	 1.55871e-05	 4.61257e-04	-6.98748e-06	 6.50484e-04	-1.73389e+00	-8.28376e-02	 4.13290e+00	-3.75638e+01	-1.02566e+01	 2.04084e+00	 2.14753e+00	 1.62560e-02	-1.02601e-01	 5.28487e-03	 2.25246e+00	 1.99687e+00	 1.56632e-04	-4.26072e-04	-6.38739e-05	 4.96087e-02	 7.33880e-04	 1.62930e-05	 6.94621e-02	 9.97014e-13	-2.40399e-04	
-9.33258e-04	 3.36593e-03	-4.68950e-04	-3.66255e-02	-2.25812e-02	-2.78876e-02	 4.90370e+01	-6.06462e-01	-3.75638e+01	 9.10611e+02	 1.37344e+02	-2.09600e+01	-3.45065e+01	-1.18796e+01	-4.20098e+00	 3.08192e+00	-1.44980e+01	-1.87641e+01	 6.30536e-03	 5.50493e-03	 3.89851e-03	-2.30939e+00	-2.53789e-02	-3.99276e-04	-2.21025e+00	-7.92164e-11	-6.90736e-03	
-5.54225e-04	 2.33635e-03	-1.59925e-04	-2.94550e-02	-7.17638e-03	-1.97044e-02	 1.11402e+00	 1.20899e+00	-1.02566e+01	 1.37344e+02	 9.68402e+01	 6.40938e+01	 3.29827e+01	-1.23666e+01	-5.57109e-01	-1.28924e+00	 1.34888e+00	 1.95759e+00	-5.41303e-05	 8.17763e-04	 5.94221e-04	-1.65190e+00	-1.65250e-02	-2.37188e-04	-1.39441e+00	-6.38212e-11	-4.05824e-03	
-1.96390e-04	 9.87564e-04	-7.82202e-06	-1.09213e-02	 1.74092e-03	-8.72136e-03	-2.38758e+01	 2.23846e+00	 2.04084e+00	-2.09600e+01	 6.40938e+01	 1.09034e+02	 7.10575e+01	-1.07371e+01	-7.47450e-01	-4.86412e-01	 2.38073e+00	 3.88930e+00	 4.94473e-04	-2.32240e-03	 4.02307e-04	-7.39898e-01	-6.57583e-03	-8.40593e-05	-5.34675e-01	-2.37410e-11	 2.78977e-04	
-6.03183e-05	 3.74194e-04	-4.14262e-05	 5.34169e-04	 5.26901e-03	-2.79808e-03	-6.04895e+01	 1.00619e+00	 2.14753e+00	-3.45065e+01	 3.29827e+01	 7.10575e+01	 1.21114e+02	-9.43088e+00	-1.87128e-02	-2.82229e-01	-2.82405e+00	 1.27343e+01	 5.30452e-04	-7.45400e-03	 7.87793e-04	-2.39881e-01	-2.53865e-03	-2.58593e-05	-2.01802e-01	 1.12527e-12	 3.32826e-03	
-4.15582e-05	 1.67856e-04	-1.42803e-05	-4.52475e-03	-3.31607e-03	-1.87519e-03	-1.47627e+00	 4.22359e-02	 1.62560e-02	-1.18796e+01	-1.23666e+01	-1.07371e+01	-9.43088e+00	 7.21342e+00	 4.50887e-02	 3.94026e-02	-2.99135e-01	-7.64804e-02	 5.34357e-05	-1.47673e-04	 1.27408e-04	-1.63684e-01	-1.20815e-03	-1.77971e-05	-1.02530e-01	-9.79834e-12	-2.14510e-03	
 9.50841e-06	 1.94399e-05	 3.59815e-06	-2.42810e-04	 3.21547e-04	-3.99476e-06	-2.19061e-01	-1.08810e-02	-1.02601e-01	-4.20098e+00	-5.57109e-01	-7.47450e-01	-1.87128e-02	 4.50887e-02	 3.48468e+00	 4.23657e-01	 1.70296e-01	 2.88772e-01	 2.92150e-04	-3.10164e-05	-2.33651e-05	-1.96327e-03	-3.76995e-05	 4.07757e-06	 2.93578e-03	-5.40378e-13	 2.68907e-05	
-3.95716e-06	 8.61396e-05	-1.16334e-05	-1.14278e-03	-2.67439e-04	-3.89375e-04	-1.54882e-01	 8.59014e-03	 5.28487e-03	 3.08192e+00	-1.28924e+00	-4.86412e-01	-2.82229e-01	 3.94026e-02	 4.23657e-01	 3.28306e+00	 2.46467e+00	 1.81668e+00	-2.84055e-04	-2.18172e-04	-4.00322e-06	-3.47080e-02	-5.33186e-04	-1.69958e-06	-3.81251e-02	-2.47272e-12	-2.56620e-04	
-2.93356e-05	 2.37571e-04	 9.69025e-06	-5.00836e-03	-1.94721e-03	-2.45416e-03	-1.95905e+00	 1.10052e-01	 2.25246e+00	-1.44980e+01	 1.34888e+00	 2.38073e+00	-2.82405e+00	-2.99135e-01	 1.70296e-01	 2.46467e+00	 1.68294e+01	 2.51497e+01	-2.42459e-05	 2.50160e-03	-4.72870e-05	-2.14670e-01	-1.43248e-03	-1.25663e-05	-1.08603e-01	-1.09159e-11	-1.70642e-03	
 1.95970e-05	-5.96737e-05	 5.50868e-05	-9.94040e-04	-3.22473e-04	-1.06419e-03	-1.80495e+01	 1.36356e-01	 1.99687e+00	-1.87641e+01	 1.95759e+00	 3.88930e+00	 1.27343e+01	-7.64804e-02	 2.88772e-01	 1.81668e+00	 2.51497e+01	 5.31840e+01	 6.67060e-05	 4.46791e-03	 6.79249e-04	-1.00367e-01	 6.08580e-04	 8.36281e-06	 5.81123e-02	-2.31479e-12	-7.63338e-04	
-1.42174e-09	-1.52526e-08	 2.58536e-09	-1.31486e-07	-2.52876e-07	-1.48892e-07	-3.39446e-04	 8.63379e-06	 1.56632e-04	 6.30536e-03	-5.41303e-05	 4.94473e-04	 5.30452e-04	 5.34357e-05	 2.92150e-04	-2.84055e-04	-2.42459e-05	 6.67060e-05	 5.94430e-07	-1.77955e-08	-2.24146e-08	-1.34091e-05	 8.27078e-08	-6.09525e-10	 5.01101e-06	-2.91152e-16	-1.74802e-07	
-1.81130e-08	 6.25331e-08	 3.01584e-09	-1.37828e-06	-5.09574e-07	-7.96436e-07	 4.61404e-03	-2.56246e-05	-4.26072e-04	 5.50493e-03	 8.17763e-04	-2.32240e-03	-7.45400e-03	-1.47673e-04	-3.10164e-05	-2.18172e-04	 2.50160e-03	 4.46791e-03	-1.77955e-08	 2.12067e-06	 1.79419e-08	-6.73615e-05	-4.38887e-07	-7.73628e-09	-3.79028e-05	-3.00273e-15	-4.27467e-07	
 9.63151e-09	-3.39635e-07	 5.49751e-09	 6.79325e-06	 7.22203e-07	-2.15257e-06	 8.95675e-04	 1.11178e-05	-6.38739e-05	 3.89851e-03	 5.94221e-04	 4.02307e-04	 7.87793e-04	 1.27408e-04	-2.33651e-05	-4.00322e-06	-4.72870e-05	 6.79249e-04	-2.24146e-08	 1.79419e-08	 5.94906e-06	-2.14018e-04	 1.91096e-06	 4.11144e-09	 1.32725e-04	 1.46338e-14	 1.78833e-06	
 1.33433e-04	-1.77671e-03	 2.06769e-04	 3.57634e-02	 5.03216e-03	 2.02691e-02	-7.04214e-01	 1.62238e-02	 4.96087e-02	-2.30939e+00	-1.65190e+00	-7.39898e-01	-2.39881e-01	-1.63684e-01	-1.96327e-03	-3.47080e-02	-2.14670e-01	-1.00367e-01	-1.34091e-05	-6.73615e-05	-2.14018e-04	 1.84052e+00	 1.10744e-02	 5.71018e-05	 8.28192e-01	 7.73172e-11	 9.68084e-03	
 1.64868e-06	-2.15433e-05	 2.04539e-06	 2.07991e-04	 5.39151e-05	 1.26770e-04	-6.45581e-03	 2.05209e-04	 7.33880e-04	-2.53789e-02	-1.65250e-02	-6.57583e-03	-2.53865e-03	-1.20815e-03	-3.76995e-05	-5.33186e-04	-1.43248e-03	 6.08580e-04	 8.27078e-08	-4.38887e-07	 1.91096e-06	 1.10744e-02	 1.33211e-04	 7.05585e-07	 9.90969e-03	 4.50203e-13	 2.25511e-05	
 2.15025e-08	-9.89520e-08	 1.25413e-08	 1.19066e-06	 3.00952e-07	 6.87387e-07	-8.90089e-05	 2.19396e-06	 1.62930e-05	-3.99276e-04	-2.37188e-04	-8.40593e-05	-2.58593e-05	-1.77971e-05	 4.07757e-06	-1.69958e-06	-1.25663e-05	 8.36281e-06	-6.09525e-10	-7.73628e-09	 4.11144e-09	 5.71018e-05	 7.05585e-07	 9.20235e-09	 5.92060e-05	 2.57658e-15	 1.61329e-07	
 1.38356e-04	-1.57395e-03	 1.74461e-04	 1.57730e-02	 4.03550e-03	 9.52702e-03	-5.42203e-01	 1.66782e-02	 6.94621e-02	-2.21025e+00	-1.39441e+00	-5.34675e-01	-2.01802e-01	-1.02530e-01	 2.93578e-03	-3.81251e-02	-1.08603e-01	 5.81123e-02	 5.01101e-06	-3.79028e-05	 1.32725e-04	 8.28192e-01	 9.90969e-03	 5.92060e-05	 7.48898e-01	 3.41509e-11	 1.85588e-03	
 6.02222e-15	-7.12263e-14	 9.22664e-15	 1.57324e-12	 2.04172e-13	 8.55025e-13	-2.98511e-11	 8.79256e-13	 9.97014e-13	-7.92164e-11	-6.38212e-11	-2.37410e-11	 1.12527e-12	-9.79834e-12	-5.40378e-13	-2.47272e-12	-1.09159e-11	-2.31479e-12	-2.91152e-16	-3.00273e-15	 1.46338e-14	 7.73172e-11	 4.50203e-13	 2.57658e-15	 3.41509e-11	 3.40454e-21	 4.43520e-13	
 3.77104e-07	-3.07747e-06	 1.20949e-06	 2.05096e-04	 1.65787e-05	 1.04658e-04	-3.66122e-03	 1.15697e-04	-2.40399e-04	-6.90736e-03	-4.05824e-03	 2.78977e-04	 3.32826e-03	-2.14510e-03	 2.68907e-05	-2.56620e-04	-1.70642e-03	-7.63338e-04	-1.74802e-07	-4.27467e-07	 1.78833e-06	 9.68084e-03	 2.25511e-05	 1.61329e-07	 1.85588e-03	 4.43520e-13	 7.78127e-05	
