# omega_b,        omega_cdm,      n_s,            A_s,            h,              z_reio,         SPT_SZ,         SPT_PS,         SPT_CL,         da_rec,         da_rec_h,       ds_rec,         ds_rec_h,       exp_m_2_tau_As, tau_reio        
 1.82883e-07	-5.27242e-07	 3.36239e-06	-2.03484e-14	 4.72044e-06	 6.27757e-05	-1.18151e-04	 4.78291e-05	-5.27291e-05	-1.41800e-06	 6.00604e-05	 2.31235e-08	 6.52786e-07	-2.33489e-14	 1.50388e-06	
-5.27242e-07	 2.24264e-05	-2.60014e-05	 3.03747e-13	-9.47004e-05	-8.77588e-04	-5.67421e-04	 6.70515e-04	 6.42733e-05	-5.16589e-04	-1.59327e-03	-5.44555e-06	-1.66457e-05	 3.31082e-13	-1.82444e-05	
 3.36239e-06	-2.60014e-05	 1.18220e-04	-7.78459e-13	 1.55295e-04	 2.92119e-03	-2.06785e-03	 1.36782e-03	-8.18588e-04	 3.61565e-04	 2.26716e-03	 4.62446e-06	 2.42326e-05	-8.73510e-13	 5.28006e-05	
-2.03484e-14	 3.03747e-13	-7.78459e-13	 1.04199e-20	-1.49069e-12	 5.18661e-11	 2.77433e-12	-1.90316e-12	 3.06218e-12	-5.88952e-12	-2.34806e-11	-6.56256e-14	-2.47683e-13	 6.92873e-21	 4.46137e-13	
 4.72044e-06	-9.47004e-05	 1.55295e-04	-1.49069e-12	 4.60131e-04	 4.50734e-03	 8.13336e-04	-1.96502e-03	-7.52293e-04	 1.90001e-03	 7.30902e-03	 2.14774e-05	 7.73522e-05	-1.64625e-12	 9.48270e-05	
 6.27757e-05	-8.77588e-04	 2.92119e-03	 5.18661e-11	 4.50734e-03	 1.38280e+00	-7.64975e-02	 3.42835e-03	-5.08388e-02	 1.62305e-02	 6.99015e-02	 1.87368e-04	 7.41322e-04	-2.43297e-11	 1.64595e-02	
-1.18151e-04	-5.67421e-04	-2.06785e-03	 2.77433e-12	 8.13336e-04	-7.64975e-02	 5.22668e+00	-2.87069e+00	-1.65297e+00	 2.22084e-02	 2.63010e-02	 2.18234e-04	 2.64587e-04	 7.06424e-12	-1.13177e-03	
 4.78291e-05	 6.70515e-04	 1.36782e-03	-1.90316e-12	-1.96502e-03	 3.42835e-03	-2.87069e+00	 7.08113e+00	-2.52018e+00	-2.02837e-02	-3.98992e-02	-2.01971e-04	-4.09011e-04	-1.62750e-12	-5.78819e-08	
-5.27291e-05	 6.42733e-05	-8.18588e-04	 3.06218e-12	-7.52293e-04	-5.08388e-02	-1.65297e+00	-2.52018e+00	 4.91342e+00	 1.58266e-03	-8.61116e-03	 1.57743e-05	-9.02588e-05	 5.72795e-12	-7.73531e-04	
-1.41800e-06	-5.16589e-04	 3.61565e-04	-5.88952e-12	 1.90001e-03	 1.62305e-02	 2.22084e-02	-2.02837e-02	 1.58266e-03	 1.32914e-02	 3.40582e-02	 1.33837e-04	 3.51553e-04	-6.31280e-12	 3.28276e-04	
 6.00604e-05	-1.59327e-03	 2.26716e-03	-2.34806e-11	 7.30902e-03	 6.99015e-02	 2.63010e-02	-3.98992e-02	-8.61116e-03	 3.40582e-02	 1.18871e-01	 3.73297e-04	 1.25169e-03	-2.57956e-11	 1.46138e-03	
 2.31235e-08	-5.44555e-06	 4.62446e-06	-6.56256e-14	 2.14774e-05	 1.87368e-04	 2.18234e-04	-2.01971e-04	 1.57743e-05	 1.33837e-04	 3.73297e-04	 1.38741e-06	 3.88447e-06	-7.08201e-14	 3.77340e-06	
 6.52786e-07	-1.66457e-05	 2.42326e-05	-2.47683e-13	 7.73522e-05	 7.41322e-04	 2.64587e-04	-4.09011e-04	-9.02588e-05	 3.51553e-04	 1.25169e-03	 3.88447e-06	 1.31996e-05	-2.72363e-13	 1.54782e-05	
-2.33489e-14	 3.31082e-13	-8.73510e-13	 6.92873e-21	-1.64625e-12	-2.43297e-11	 7.06424e-12	-1.62750e-12	 5.72795e-12	-6.31280e-12	-2.57956e-11	-7.08201e-14	-2.72363e-13	 7.71581e-21	-4.55109e-13	
 1.50388e-06	-1.82444e-05	 5.28006e-05	 4.46137e-13	 9.48270e-05	 1.64595e-02	-1.13177e-03	-5.78819e-08	-7.73531e-04	 3.28276e-04	 1.46138e-03	 3.77340e-06	 1.54782e-05	-4.55109e-13	 2.01221e-04	
