window_lps12/window_
 47  0  0  0  0  0
BAND_SELECTION
  1 47
  0  0
  0  0
  0  0
  0  0
  0  0
1 1.0 000.0000
0 0 0
0 #iliketype
TT
    1    1.786172E+03   5.951525E+01   5.951525E+01   1.000000E+06    650    699
    2    1.939298E+03   6.685325E+01   6.685325E+01   1.000000E+06    700    749
    3    2.426356E+03   6.724793E+01   6.724793E+01   1.000000E+06    750    799
    4    2.577068E+03   6.830775E+01   6.830775E+01   1.000000E+06    800    849
    5    2.162306E+03   5.382037E+01   5.382037E+01   1.000000E+06    850    899
    6    1.588803E+03   3.903856E+01   3.903856E+01   1.000000E+06    900    949
    7    1.144298E+03   2.963333E+01   2.963333E+01   1.000000E+06    950    999
    8    1.067991E+03   2.716739E+01   2.716739E+01   1.000000E+06   1000   1049
    9    1.215739E+03   2.850331E+01   2.850331E+01   1.000000E+06   1050   1099
   10    1.193834E+03   2.906297E+01   2.906297E+01   1.000000E+06   1100   1149
   11    1.141060E+03   2.976236E+01   2.976236E+01   1.000000E+06   1150   1199
   12    9.247548E+02   2.305154E+01   2.305154E+01   1.000000E+06   1200   1249
   13    7.716657E+02   1.788833E+01   1.788833E+01   1.000000E+06   1250   1299
   14    7.230958E+02   1.768979E+01   1.768979E+01   1.000000E+06   1300   1349
   15    7.545911E+02   1.659046E+01   1.659046E+01   1.000000E+06   1350   1399
   16    8.473374E+02   1.703286E+01   1.703286E+01   1.000000E+06   1400   1449
   17    7.186537E+02   1.380930E+01   1.380930E+01   1.000000E+06   1450   1499
   18    6.249940E+02   1.132817E+01   1.132817E+01   1.000000E+06   1500   1549
   19    4.681143E+02   1.015484E+01   1.015484E+01   1.000000E+06   1550   1599
   20    3.956607E+02   7.852564E+00   7.852564E+00   1.000000E+06   1600   1649
   21    3.907175E+02   7.041241E+00   7.041241E+00   1.000000E+06   1650   1699
   22    3.966314E+02   6.895153E+00   6.895153E+00   1.000000E+06   1700   1749
   23    3.907311E+02   6.890591E+00   6.890591E+00   1.000000E+06   1750   1799
   24    3.367404E+02   6.160818E+00   6.160818E+00   1.000000E+06   1800   1849
   25    2.760995E+02   5.203863E+00   5.203863E+00   1.000000E+06   1850   1899
   26    2.382256E+02   4.461539E+00   4.461539E+00   1.000000E+06   1900   1949
   27    2.427527E+02   4.643016E+00   4.643016E+00   1.000000E+06   1950   1999
   28    2.457786E+02   4.854610E+00   4.854610E+00   1.000000E+06   2000   2049
   29    2.299462E+02   4.467238E+00   4.467238E+00   1.000000E+06   2050   2099
   30    1.941700E+02   3.835840E+00   3.835840E+00   1.000000E+06   2100   2149
   31    1.705598E+02   3.362050E+00   3.362050E+00   1.000000E+06   2150   2199
   32    1.405483E+02   2.785863E+00   2.785863E+00   1.000000E+06   2200   2249
   33    1.349960E+02   2.638511E+00   2.638511E+00   1.000000E+06   2250   2299
   34    1.282514E+02   2.447425E+00   2.447425E+00   1.000000E+06   2300   2349
   35    1.247996E+02   2.687040E+00   2.687040E+00   1.000000E+06   2350   2399
   36    1.158370E+02   2.226415E+00   2.226415E+00   1.000000E+06   2400   2449
   37    1.007054E+02   2.214443E+00   2.214443E+00   1.000000E+06   2450   2499
   38    9.670258E+01   2.270550E+00   2.270550E+00   1.000000E+06   2500   2549
   39    8.325798E+01   1.988803E+00   1.988803E+00   1.000000E+06   2550   2599
   40    8.570896E+01   1.795650E+00   1.795650E+00   1.000000E+06   2600   2649
   41    8.386685E+01   1.861084E+00   1.861084E+00   1.000000E+06   2650   2699
   42    7.635455E+01   1.821204E+00   1.821204E+00   1.000000E+06   2700   2749
   43    7.165427E+01   1.810876E+00   1.810876E+00   1.000000E+06   2750   2799
   44    6.290060E+01   1.730154E+00   1.730154E+00   1.000000E+06   2800   2849
   45    5.761911E+01   1.620370E+00   1.620370E+00   1.000000E+06   2850   2899
   46    5.763070E+01   1.578650E+00   1.578650E+00   1.000000E+06   2900   2949
   47    5.662964E+01   1.610927E+00   1.610927E+00   1.000000E+06   2950   2999
   1.000000E+00   2.801867E-01   4.413677E-01   4.262331E-01   4.449656E-01   4.520908E-01   4.325883E-01   4.356780E-01   4.515422E-01   4.427415E-01   4.272716E-01   4.355256E-01   4.486515E-01   4.366822E-01   4.555987E-01   4.696390E-01   4.750612E-01   4.817868E-01   4.507805E-01   4.632507E-01   4.751623E-01   4.774914E-01   4.728067E-01   4.649596E-01   4.579649E-01   4.558378E-01   4.498754E-01   4.422941E-01   4.412698E-01   4.358025E-01   4.329256E-01   4.291744E-01   4.276659E-01   4.270063E-01   4.089660E-01   4.192804E-01   4.000633E-01   3.885593E-01   3.832941E-01   3.959017E-01   3.860999E-01   3.744913E-01   3.644585E-01   3.508125E-01   3.454710E-01   3.466178E-01   3.396800E-01
   2.801867E-01   1.000000E+00   3.282378E-01   4.419537E-01   4.307453E-01   4.388519E-01   4.328493E-01   4.280982E-01   4.439206E-01   4.355302E-01   4.205403E-01   4.288714E-01   4.420035E-01   4.304061E-01   4.492360E-01   4.632531E-01   4.687755E-01   4.755876E-01   4.451397E-01   4.576125E-01   4.695237E-01   4.719519E-01   4.674543E-01   4.598337E-01   4.530406E-01   4.510492E-01   4.452645E-01   4.378776E-01   4.369787E-01   4.316769E-01   4.289275E-01   4.252991E-01   4.238887E-01   4.233157E-01   4.055082E-01   4.158138E-01   3.968263E-01   3.854801E-01   3.803191E-01   3.928917E-01   3.832203E-01   3.717471E-01   3.618316E-01   3.483225E-01   3.430535E-01   3.442237E-01   3.373626E-01
   4.413677E-01   3.282378E-01   1.000000E+00   4.044142E-01   5.124536E-01   4.938925E-01   4.865557E-01   4.952424E-01   5.063199E-01   4.970383E-01   4.801849E-01   4.899308E-01   5.051664E-01   4.921333E-01   5.138758E-01   5.301085E-01   5.366300E-01   5.446343E-01   5.099551E-01   5.244346E-01   5.382613E-01   5.412027E-01   5.362092E-01   5.276366E-01   5.199975E-01   5.178558E-01   5.113603E-01   5.030245E-01   5.021380E-01   4.961889E-01   4.931582E-01   4.891022E-01   4.875930E-01   4.870441E-01   4.666604E-01   4.786264E-01   4.568678E-01   4.438952E-01   4.380404E-01   4.526116E-01   4.415523E-01   4.284065E-01   4.170474E-01   4.015380E-01   3.955196E-01   3.969200E-01   3.890555E-01
   4.262331E-01   4.419537E-01   4.044142E-01   1.000000E+00   4.356330E-01   5.273573E-01   4.936733E-01   5.032291E-01   5.266634E-01   5.106672E-01   4.936053E-01   5.038601E-01   5.197675E-01   5.065851E-01   5.291845E-01   5.461064E-01   5.530362E-01   5.615029E-01   5.259514E-01   5.410905E-01   5.555489E-01   5.587599E-01   5.537856E-01   5.451179E-01   5.373992E-01   5.353490E-01   5.287992E-01   5.203453E-01   5.195933E-01   5.135996E-01   5.106108E-01   5.065456E-01   5.051152E-01   5.046778E-01   4.836805E-01   4.962089E-01   4.737674E-01   4.604240E-01   4.544591E-01   4.696881E-01   4.583144E-01   4.447635E-01   4.330581E-01   4.170334E-01   4.108562E-01   4.123787E-01   4.042700E-01
   4.449656E-01   4.307453E-01   5.124536E-01   4.356330E-01   1.000000E+00   4.582639E-01   5.309352E-01   5.148820E-01   5.398443E-01   5.350309E-01   5.109547E-01   5.217957E-01   5.384979E-01   5.250590E-01   5.486972E-01   5.664504E-01   5.738527E-01   5.828601E-01   5.461625E-01   5.620934E-01   5.773143E-01   5.808389E-01   5.758609E-01   5.670441E-01   5.592022E-01   5.572491E-01   5.506136E-01   5.419942E-01   5.413914E-01   5.353222E-01   5.323701E-01   5.282814E-01   5.269411E-01   5.266381E-01   5.048711E-01   5.180932E-01   4.947975E-01   4.809910E-01   4.748875E-01   4.909336E-01   4.791688E-01   4.651153E-01   4.529824E-01   4.363218E-01   4.299522E-01   4.316324E-01   4.232237E-01
   4.520908E-01   4.388519E-01   4.938925E-01   5.273573E-01   4.582639E-01   1.000000E+00   4.477100E-01   5.391880E-01   5.393252E-01   5.351067E-01   5.223958E-01   5.267042E-01   5.437763E-01   5.304101E-01   5.544947E-01   5.726394E-01   5.803348E-01   5.896653E-01   5.527449E-01   5.690776E-01   5.846928E-01   5.884588E-01   5.836156E-01   5.748826E-01   5.671294E-01   5.653422E-01   5.588057E-01   5.502544E-01   5.498345E-01   5.438566E-01   5.410315E-01   5.370383E-01   5.358428E-01   5.357071E-01   5.137259E-01   5.273401E-01   5.037806E-01   4.898701E-01   4.837992E-01   5.002970E-01   4.884492E-01   4.742554E-01   4.620107E-01   4.451383E-01   4.387512E-01   4.405700E-01   4.320809E-01
   4.325883E-01   4.328493E-01   4.865557E-01   4.936733E-01   5.309352E-01   4.477100E-01   1.000000E+00   4.389593E-01   5.464780E-01   5.178096E-01   5.062464E-01   5.218511E-01   5.318994E-01   5.190184E-01   5.427808E-01   5.607364E-01   5.684747E-01   5.778266E-01   5.418447E-01   5.580570E-01   5.735680E-01   5.774528E-01   5.728940E-01   5.645173E-01   5.570950E-01   5.555281E-01   5.492952E-01   5.410803E-01   5.408541E-01   5.351545E-01   5.325441E-01   5.287717E-01   5.277581E-01   5.277933E-01   5.062944E-01   5.198686E-01   4.967919E-01   4.832183E-01   4.773726E-01   4.937994E-01   4.822449E-01   4.683615E-01   4.563942E-01   4.398460E-01   4.336450E-01   4.355460E-01   4.272464E-01
   4.356780E-01   4.280982E-01   4.952424E-01   5.032291E-01   5.148820E-01   5.391880E-01   4.389593E-01   1.000000E+00   4.681714E-01   5.434579E-01   5.065486E-01   5.231373E-01   5.446639E-01   5.253236E-01   5.495660E-01   5.679378E-01   5.759759E-01   5.856614E-01   5.493877E-01   5.660266E-01   5.819571E-01   5.860899E-01   5.816572E-01   5.733482E-01   5.660019E-01   5.646001E-01   5.584570E-01   5.502973E-01   5.502552E-01   5.446382E-01   5.421523E-01   5.384718E-01   5.376051E-01   5.378127E-01   5.160652E-01   5.300604E-01   5.066825E-01   4.929852E-01   4.871666E-01   5.040812E-01   4.924282E-01   4.783846E-01   4.662893E-01   4.495044E-01   4.432801E-01   4.453293E-01   4.369384E-01
   4.515422E-01   4.439206E-01   5.063199E-01   5.266634E-01   5.398443E-01   5.393252E-01   5.464780E-01   4.681714E-01   1.000000E+00   4.825908E-01   5.473803E-01   5.396908E-01   5.627053E-01   5.538607E-01   5.729586E-01   5.923269E-01   6.009348E-01   6.112753E-01   5.736348E-01   5.912334E-01   6.080942E-01   6.126243E-01   6.082063E-01   5.997355E-01   5.922630E-01   5.910049E-01   5.847846E-01   5.764510E-01   5.766134E-01   5.709279E-01   5.685100E-01   5.648256E-01   5.640967E-01   5.645002E-01   5.418469E-01   5.567141E-01   5.323246E-01   5.180921E-01   5.121340E-01   5.300788E-01   5.179781E-01   5.033489E-01   4.907598E-01   4.732244E-01   4.667922E-01   4.690629E-01   4.603263E-01
   4.427415E-01   4.355302E-01   4.970383E-01   5.106672E-01   5.350309E-01   5.351067E-01   5.178096E-01   5.434579E-01   4.825908E-01   1.000000E+00   4.540260E-01   5.515909E-01   5.501834E-01   5.422623E-01   5.715721E-01   5.848101E-01   5.935450E-01   6.040056E-01   5.670442E-01   5.846782E-01   6.015836E-01   6.062856E-01   6.021378E-01   5.939786E-01   5.867979E-01   5.857671E-01   5.798190E-01   5.717736E-01   5.721486E-01   5.667151E-01   5.645096E-01   5.610319E-01   5.604928E-01   5.610831E-01   5.387441E-01   5.537032E-01   5.296128E-01   5.156137E-01   5.098439E-01   5.278746E-01   5.159801E-01   5.015528E-01   4.891475E-01   4.718010E-01   4.655094E-01   4.678872E-01   4.592747E-01
   4.272716E-01   4.205403E-01   4.801849E-01   4.936053E-01   5.109547E-01   5.223958E-01   5.062464E-01   5.065486E-01   5.473803E-01   4.540260E-01   1.000000E+00   4.494643E-01   5.532290E-01   5.214379E-01   5.512215E-01   5.740804E-01   5.768416E-01   5.872509E-01   5.515427E-01   5.689296E-01   5.856103E-01   5.904089E-01   5.865951E-01   5.788738E-01   5.720976E-01   5.713115E-01   5.657303E-01   5.581008E-01   5.586832E-01   5.535881E-01   5.516312E-01   5.484172E-01   5.480800E-01   5.488527E-01   5.271832E-01   5.420037E-01   5.185953E-01   5.050543E-01   4.995688E-01   5.174090E-01   5.059133E-01   4.919197E-01   4.798989E-01   4.630191E-01   4.569727E-01   4.594273E-01   4.510787E-01
   4.355256E-01   4.288714E-01   4.899308E-01   5.038601E-01   5.217957E-01   5.267042E-01   5.218511E-01   5.231373E-01   5.396908E-01   5.515909E-01   4.494643E-01   1.000000E+00   4.850352E-01   5.542098E-01   5.604721E-01   5.847076E-01   5.975758E-01   6.028929E-01   5.664709E-01   5.845737E-01   6.019556E-01   6.071228E-01   6.034392E-01   5.957363E-01   5.889986E-01   5.884234E-01   5.829102E-01   5.752839E-01   5.761151E-01   5.710854E-01   5.692778E-01   5.661591E-01   5.660158E-01   5.670259E-01   5.448366E-01   5.603507E-01   5.363377E-01   5.225155E-01   5.170215E-01   5.356739E-01   5.239507E-01   5.096256E-01   4.973332E-01   4.799935E-01   4.738674E-01   4.765462E-01   4.680063E-01
   4.486515E-01   4.420035E-01   5.051664E-01   5.197675E-01   5.384979E-01   5.437763E-01   5.318994E-01   5.446639E-01   5.627053E-01   5.501834E-01   5.532290E-01   4.850352E-01   1.000000E+00   4.929806E-01   5.985900E-01   6.017576E-01   6.156564E-01   6.306208E-01   5.879267E-01   6.069695E-01   6.252691E-01   6.308802E-01   6.272999E-01   6.195416E-01   6.127797E-01   6.124249E-01   6.069311E-01   5.992348E-01   6.003403E-01   5.953320E-01   5.936673E-01   5.906208E-01   5.906845E-01   5.919592E-01   5.689999E-01   5.854071E-01   5.605159E-01   5.462601E-01   5.407051E-01   5.604085E-01   5.483299E-01   5.335127E-01   5.208120E-01   5.028135E-01   4.965442E-01   4.994903E-01   4.906642E-01
   4.366822E-01   4.304061E-01   4.921333E-01   5.065851E-01   5.250590E-01   5.304101E-01   5.190184E-01   5.253236E-01   5.538607E-01   5.422623E-01   5.214379E-01   5.542098E-01   4.929806E-01   1.000000E+00   5.098199E-01   6.062999E-01   5.990905E-01   6.148038E-01   5.824253E-01   5.954109E-01   6.136088E-01   6.193548E-01   6.160827E-01   6.087074E-01   6.023043E-01   6.021948E-01   5.970328E-01   5.897017E-01   5.910248E-01   5.863228E-01   5.848988E-01   5.820995E-01   5.823717E-01   5.838455E-01   5.614030E-01   5.777928E-01   5.534173E-01   5.395284E-01   5.342274E-01   5.538882E-01   5.421329E-01   5.276549E-01   5.152590E-01   4.976096E-01   4.915511E-01   4.946044E-01   4.859877E-01
   4.555987E-01   4.492360E-01   5.138758E-01   5.291845E-01   5.486972E-01   5.544947E-01   5.427808E-01   5.495660E-01   5.729586E-01   5.715721E-01   5.512215E-01   5.604721E-01   5.985900E-01   5.098199E-01   1.000000E+00   5.666006E-01   6.447374E-01   6.417785E-01   6.075786E-01   6.311028E-01   6.452464E-01   6.515356E-01   6.483437E-01   6.408337E-01   6.343409E-01   6.344734E-01   6.292830E-01   6.218038E-01   6.234419E-01   6.187177E-01   6.174374E-01   6.146916E-01   6.151962E-01   6.169785E-01   5.934724E-01   6.110072E-01   5.854301E-01   5.709317E-01   5.655152E-01   5.865285E-01   5.742706E-01   5.591131E-01   5.461504E-01   5.276072E-01   5.213357E-01   5.247173E-01   5.157044E-01
   4.696390E-01   4.632531E-01   5.301085E-01   5.461064E-01   5.664504E-01   5.726394E-01   5.607364E-01   5.679378E-01   5.923269E-01   5.848101E-01   5.740804E-01   5.847076E-01   6.017576E-01   6.062999E-01   5.666006E-01   1.000000E+00   6.052356E-01   6.799678E-01   6.264057E-01   6.514163E-01   6.747583E-01   6.769388E-01   6.738772E-01   6.663274E-01   6.598297E-01   6.602210E-01   6.550741E-01   6.475418E-01   6.494958E-01   6.448143E-01   6.437070E-01   6.410581E-01   6.418069E-01   6.438980E-01   6.195816E-01   6.381021E-01   6.115957E-01   5.966491E-01   5.911869E-01   6.133607E-01   6.007375E-01   5.850653E-01   5.716785E-01   5.524380E-01   5.460287E-01   5.497186E-01   5.404087E-01
   4.750612E-01   4.687755E-01   5.366300E-01   5.530362E-01   5.738527E-01   5.803348E-01   5.684747E-01   5.759759E-01   6.009348E-01   5.935450E-01   5.768416E-01   5.975758E-01   6.156564E-01   5.990905E-01   6.447374E-01   6.052356E-01   1.000000E+00   6.342275E-01   6.533493E-01   6.601225E-01   6.846604E-01   6.946843E-01   6.875154E-01   6.800861E-01   6.737250E-01   6.743959E-01   6.694101E-01   6.619840E-01   6.642467E-01   6.597157E-01   6.588257E-01   6.563434E-01   6.573485E-01   6.597387E-01   6.350549E-01   6.542673E-01   6.273088E-01   6.121920E-01   6.068003E-01   6.297812E-01   6.170298E-01   6.011301E-01   5.875665E-01   5.679734E-01   5.615528E-01   5.655066E-01   5.560717E-01
   4.817868E-01   4.755876E-01   5.446343E-01   5.615029E-01   5.828601E-01   5.896653E-01   5.778266E-01   5.856614E-01   6.112753E-01   6.040056E-01   5.872509E-01   6.028929E-01   6.306208E-01   6.148038E-01   6.417785E-01   6.799678E-01   6.342275E-01   1.000000E+00   6.048648E-01   6.883650E-01   6.966282E-01   7.074317E-01   7.075880E-01   6.961240E-01   6.899020E-01   6.908790E-01   6.860615E-01   6.787398E-01   6.813428E-01   6.769693E-01   6.763155E-01   6.740120E-01   6.752992E-01   6.780203E-01   6.528993E-01   6.728966E-01   6.454053E-01   6.300808E-01   6.247591E-01   6.486571E-01   6.357482E-01   6.195777E-01   6.058021E-01   5.857961E-01   5.793548E-01   5.836043E-01   5.740198E-01
   4.507805E-01   4.451397E-01   5.099551E-01   5.259514E-01   5.461625E-01   5.527449E-01   5.418447E-01   5.493877E-01   5.736348E-01   5.670442E-01   5.515427E-01   5.664709E-01   5.879267E-01   5.824253E-01   6.075786E-01   6.264057E-01   6.533493E-01   6.048648E-01   1.000000E+00   5.860576E-01   6.709706E-01   6.642369E-01   6.655359E-01   6.621160E-01   6.517645E-01   6.529629E-01   6.486851E-01   6.420364E-01   6.447671E-01   6.408886E-01   6.405162E-01   6.385670E-01   6.400288E-01   6.428601E-01   6.192762E-01   6.384767E-01   6.126143E-01   5.982852E-01   5.934480E-01   6.163738E-01   6.043210E-01   5.891511E-01   5.762464E-01   5.574020E-01   5.514450E-01   5.556516E-01   5.466710E-01
   4.632507E-01   4.576125E-01   5.244346E-01   5.410905E-01   5.620934E-01   5.690776E-01   5.580570E-01   5.660266E-01   5.912334E-01   5.846782E-01   5.689296E-01   5.845737E-01   6.069695E-01   5.954109E-01   6.311028E-01   6.514163E-01   6.601225E-01   6.883650E-01   5.860576E-01   1.000000E+00   6.369192E-01   7.015551E-01   6.865386E-01   6.832898E-01   6.808177E-01   6.778122E-01   6.736585E-01   6.670392E-01   6.701558E-01   6.663958E-01   6.662654E-01   6.644804E-01   6.662542E-01   6.694646E-01   6.451491E-01   6.653945E-01   6.386739E-01   6.239612E-01   6.191416E-01   6.432952E-01   6.309390E-01   6.153113E-01   6.020365E-01   5.825424E-01   5.764962E-01   5.810627E-01   5.718226E-01
   4.751623E-01   4.695237E-01   5.382613E-01   5.555489E-01   5.773143E-01   5.846928E-01   5.735680E-01   5.819571E-01   6.080942E-01   6.015836E-01   5.856103E-01   6.019556E-01   6.252691E-01   6.136088E-01   6.452464E-01   6.747583E-01   6.846604E-01   6.966282E-01   6.709706E-01   6.369192E-01   1.000000E+00   6.727518E-01   7.225016E-01   7.037625E-01   7.014948E-01   7.061467E-01   6.979520E-01   6.913815E-01   6.948934E-01   6.912674E-01   6.913910E-01   6.897833E-01   6.918797E-01   6.954799E-01   6.704664E-01   6.917515E-01   6.642066E-01   6.491336E-01   6.443471E-01   6.697217E-01   6.570834E-01   6.410208E-01   6.273968E-01   6.072779E-01   6.011569E-01   6.060896E-01   5.966045E-01
   4.774914E-01   4.719519E-01   5.412027E-01   5.587599E-01   5.808389E-01   5.884588E-01   5.774528E-01   5.860899E-01   6.126243E-01   6.062856E-01   5.904089E-01   6.071228E-01   6.308802E-01   6.193548E-01   6.515356E-01   6.769388E-01   6.946843E-01   7.074317E-01   6.642369E-01   7.015551E-01   6.727518E-01   1.000000E+00   6.812611E-01   7.253123E-01   7.080073E-01   7.132697E-01   7.122278E-01   7.017558E-01   7.055982E-01   7.021855E-01   7.025665E-01   7.011747E-01   7.035585E-01   7.074834E-01   6.822828E-01   7.041856E-01   6.763774E-01   6.612535E-01   6.566029E-01   6.826956E-01   6.700361E-01   6.538679E-01   6.401750E-01   6.198415E-01   6.137744E-01   6.189802E-01   6.094451E-01
   4.728067E-01   4.674543E-01   5.362092E-01   5.537856E-01   5.758609E-01   5.836156E-01   5.728940E-01   5.816572E-01   6.082063E-01   6.021378E-01   5.865951E-01   6.034392E-01   6.272999E-01   6.160827E-01   6.483437E-01   6.738772E-01   6.875154E-01   7.075880E-01   6.655359E-01   6.865386E-01   7.225016E-01   6.812611E-01   1.000000E+00   6.729973E-01   7.196779E-01   7.098644E-01   7.094539E-01   7.061660E-01   7.061154E-01   7.029709E-01   7.036090E-01   7.024578E-01   7.050995E-01   7.092976E-01   6.842780E-01   7.064884E-01   6.788229E-01   6.638723E-01   6.594303E-01   6.858720E-01   6.733781E-01   6.573411E-01   6.437802E-01   6.235278E-01   6.176062E-01   6.230155E-01   6.135710E-01
   4.649596E-01   4.598337E-01   5.276366E-01   5.451179E-01   5.670441E-01   5.748826E-01   5.645173E-01   5.733482E-01   5.997355E-01   5.939786E-01   5.788738E-01   5.957363E-01   6.195416E-01   6.087074E-01   6.408337E-01   6.663274E-01   6.800861E-01   6.961240E-01   6.621160E-01   6.832898E-01   7.037625E-01   7.253123E-01   6.729973E-01   1.000000E+00   6.612381E-01   7.171705E-01   7.015478E-01   6.989622E-01   7.061051E-01   6.990674E-01   6.999580E-01   6.990543E-01   7.019356E-01   7.063783E-01   6.817061E-01   7.040759E-01   6.767385E-01   6.620627E-01   6.578599E-01   6.844743E-01   6.722298E-01   6.564313E-01   6.430929E-01   6.230567E-01   6.173206E-01   6.228986E-01   6.136084E-01
   4.579649E-01   4.530406E-01   5.199975E-01   5.373992E-01   5.592022E-01   5.671294E-01   5.570950E-01   5.660019E-01   5.922630E-01   5.867979E-01   5.720976E-01   5.889986E-01   6.127797E-01   6.023043E-01   6.343409E-01   6.598297E-01   6.737250E-01   6.899020E-01   6.517645E-01   6.808177E-01   7.014948E-01   7.080073E-01   7.196779E-01   6.612381E-01   1.000000E+00   6.597852E-01   7.105348E-01   6.923335E-01   7.002008E-01   7.004817E-01   6.973588E-01   6.966999E-01   6.998238E-01   7.045168E-01   6.801540E-01   7.027153E-01   6.756640E-01   6.612399E-01   6.572690E-01   6.840953E-01   6.720812E-01   6.564975E-01   6.433619E-01   6.235122E-01   6.179532E-01   6.237081E-01   6.145583E-01
   4.558378E-01   4.510492E-01   5.178558E-01   5.353490E-01   5.572491E-01   5.653422E-01   5.555281E-01   5.646001E-01   5.910049E-01   5.857671E-01   5.713115E-01   5.884234E-01   6.124249E-01   6.021948E-01   6.344734E-01   6.602210E-01   6.743959E-01   6.908790E-01   6.529629E-01   6.778122E-01   7.061467E-01   7.132697E-01   7.098644E-01   7.171705E-01   6.597852E-01   1.000000E+00   6.606036E-01   7.089872E-01   7.011781E-01   7.020332E-01   7.062221E-01   7.016178E-01   7.050186E-01   7.100130E-01   6.857070E-01   7.086972E-01   6.816508E-01   6.673290E-01   6.635503E-01   6.908710E-01   6.789640E-01   6.634341E-01   6.503661E-01   6.304976E-01   6.250595E-01   6.310535E-01   6.219501E-01
   4.498754E-01   4.452645E-01   5.113603E-01   5.287992E-01   5.506136E-01   5.588057E-01   5.492952E-01   5.584570E-01   5.847846E-01   5.798190E-01   5.657303E-01   5.829102E-01   6.069311E-01   5.970328E-01   6.292830E-01   6.550741E-01   6.694101E-01   6.860615E-01   6.486851E-01   6.736585E-01   6.979520E-01   7.122278E-01   7.094539E-01   7.015478E-01   7.105348E-01   6.606036E-01   1.000000E+00   6.523812E-01   7.120805E-01   6.973779E-01   7.022332E-01   7.048610E-01   7.043033E-01   7.095571E-01   6.855119E-01   7.087383E-01   6.819239E-01   6.678249E-01   6.642703E-01   6.918566E-01   6.801566E-01   6.648109E-01   6.519200E-01   6.321993E-01   6.269280E-01   6.331112E-01   6.241307E-01
   4.422941E-01   4.378776E-01   5.030245E-01   5.203453E-01   5.419942E-01   5.502544E-01   5.410803E-01   5.502973E-01   5.764510E-01   5.717736E-01   5.581008E-01   5.752839E-01   5.992348E-01   5.897017E-01   6.218038E-01   6.475418E-01   6.619840E-01   6.787398E-01   6.420364E-01   6.670392E-01   6.913815E-01   7.017558E-01   7.061660E-01   6.989622E-01   6.923335E-01   7.089872E-01   6.523812E-01   1.000000E+00   6.533814E-01   7.062081E-01   6.952164E-01   6.985058E-01   7.051671E-01   7.064577E-01   6.827598E-01   7.061329E-01   6.796480E-01   6.658221E-01   6.625025E-01   6.902483E-01   6.787965E-01   6.636901E-01   6.510224E-01   6.315213E-01   6.264346E-01   6.327819E-01   6.239564E-01
   4.412698E-01   4.369787E-01   5.021380E-01   5.195933E-01   5.413914E-01   5.498345E-01   5.408541E-01   5.502552E-01   5.766134E-01   5.721486E-01   5.586832E-01   5.761151E-01   6.003403E-01   5.910248E-01   6.234419E-01   6.494958E-01   6.642467E-01   6.813428E-01   6.447671E-01   6.701558E-01   6.948934E-01   7.055982E-01   7.061154E-01   7.061051E-01   7.002008E-01   7.011781E-01   7.120805E-01   6.533814E-01   1.000000E+00   6.582229E-01   7.140859E-01   7.018211E-01   7.091209E-01   7.175700E-01   6.898496E-01   7.136992E-01   6.871551E-01   6.733963E-01   6.702570E-01   6.985542E-01   6.871796E-01   6.720895E-01   6.594573E-01   6.398906E-01   6.349103E-01   6.415074E-01   6.327062E-01
   4.358025E-01   4.316769E-01   4.961889E-01   5.135996E-01   5.353222E-01   5.438566E-01   5.351545E-01   5.446382E-01   5.709279E-01   5.667151E-01   5.535881E-01   5.710854E-01   5.953320E-01   5.863228E-01   6.187177E-01   6.448143E-01   6.597157E-01   6.769693E-01   6.408886E-01   6.663958E-01   6.912674E-01   7.021855E-01   7.029709E-01   6.990674E-01   7.004817E-01   7.020332E-01   6.973779E-01   7.062081E-01   6.582229E-01   1.000000E+00   6.595262E-01   7.136007E-01   7.054337E-01   7.145617E-01   6.941241E-01   7.138298E-01   6.874972E-01   6.739430E-01   6.710111E-01   6.995585E-01   6.883747E-01   6.734536E-01   6.609844E-01   6.415523E-01   6.367261E-01   6.434997E-01   6.348115E-01
   4.329256E-01   4.289275E-01   4.931582E-01   5.106108E-01   5.323701E-01   5.410315E-01   5.325441E-01   5.421523E-01   5.685100E-01   5.645096E-01   5.516312E-01   5.692778E-01   5.936673E-01   5.848988E-01   6.174374E-01   6.437070E-01   6.588257E-01   6.763155E-01   6.405162E-01   6.662654E-01   6.913910E-01   7.025665E-01   7.036090E-01   6.999580E-01   6.973588E-01   7.062221E-01   7.022332E-01   6.952164E-01   7.140859E-01   6.595262E-01   1.000000E+00   6.633810E-01   7.208113E-01   7.148838E-01   6.946549E-01   7.215857E-01   6.913550E-01   6.779251E-01   6.751750E-01   7.041066E-01   6.930466E-01   6.782097E-01   6.658313E-01   6.464276E-01   6.417233E-01   6.486994E-01   6.400743E-01
   4.291744E-01   4.252991E-01   4.891022E-01   5.065456E-01   5.282814E-01   5.370383E-01   5.287717E-01   5.384718E-01   5.648256E-01   5.610319E-01   5.484172E-01   5.661591E-01   5.906208E-01   5.820995E-01   6.146916E-01   6.410581E-01   6.563434E-01   6.740120E-01   6.385670E-01   6.644804E-01   6.897833E-01   7.011747E-01   7.024578E-01   6.990543E-01   6.966999E-01   7.016178E-01   7.048610E-01   6.985058E-01   7.018211E-01   7.136007E-01   6.633810E-01   1.000000E+00   6.700143E-01   7.282087E-01   6.929449E-01   7.207407E-01   6.976032E-01   6.800098E-01   6.774395E-01   7.066640E-01   6.957498E-01   6.810305E-01   6.687702E-01   6.494427E-01   6.448665E-01   6.520183E-01   6.434750E-01
   4.276659E-01   4.238887E-01   4.875930E-01   5.051152E-01   5.269411E-01   5.358428E-01   5.277581E-01   5.376051E-01   5.640967E-01   5.604928E-01   5.480800E-01   5.660158E-01   5.906845E-01   5.823717E-01   6.151962E-01   6.418069E-01   6.573485E-01   6.752992E-01   6.400288E-01   6.662542E-01   6.918797E-01   7.035585E-01   7.050995E-01   7.019356E-01   6.998238E-01   7.050186E-01   7.043033E-01   7.051671E-01   7.091209E-01   7.054337E-01   7.208113E-01   6.700143E-01   1.000000E+00   6.836497E-01   7.110751E-01   7.236179E-01   7.005166E-01   6.903160E-01   6.835210E-01   7.132131E-01   7.023926E-01   6.877167E-01   6.755138E-01   6.561612E-01   6.516954E-01   6.590714E-01   6.505681E-01
   4.270063E-01   4.233157E-01   4.870441E-01   5.046778E-01   5.266381E-01   5.357071E-01   5.277933E-01   5.378127E-01   5.645002E-01   5.610831E-01   5.488527E-01   5.670259E-01   5.919592E-01   5.838455E-01   6.169785E-01   6.438980E-01   6.597387E-01   6.780203E-01   6.428601E-01   6.694646E-01   6.954799E-01   7.074834E-01   7.092976E-01   7.063783E-01   7.045168E-01   7.100130E-01   7.095571E-01   7.064577E-01   7.175700E-01   7.145617E-01   7.148838E-01   7.282087E-01   6.836497E-01   1.000000E+00   6.654592E-01   7.425605E-01   7.048895E-01   6.949336E-01   6.955994E-01   7.215371E-01   7.107941E-01   6.961352E-01   6.839690E-01   6.645521E-01   6.601943E-01   6.678223E-01   6.593446E-01
   4.089660E-01   4.055082E-01   4.666604E-01   4.836805E-01   5.048711E-01   5.137259E-01   5.062944E-01   5.160652E-01   5.418469E-01   5.387441E-01   5.271832E-01   5.448366E-01   5.689999E-01   5.614030E-01   5.934724E-01   6.195816E-01   6.350549E-01   6.528993E-01   6.192762E-01   6.451491E-01   6.704664E-01   6.822828E-01   6.842780E-01   6.817061E-01   6.801540E-01   6.857070E-01   6.855119E-01   6.827598E-01   6.898496E-01   6.941241E-01   6.946549E-01   6.929449E-01   7.110751E-01   6.654592E-01   1.000000E+00   6.686215E-01   6.962975E-01   6.703447E-01   6.718899E-01   7.040874E-01   6.896372E-01   6.755924E-01   6.639569E-01   6.452723E-01   6.411934E-01   6.487458E-01   6.406381E-01
   4.192804E-01   4.158138E-01   4.786264E-01   4.962089E-01   5.180932E-01   5.273401E-01   5.198686E-01   5.300604E-01   5.567141E-01   5.537032E-01   5.420037E-01   5.603507E-01   5.854071E-01   5.777928E-01   6.110072E-01   6.381021E-01   6.542673E-01   6.728966E-01   6.384767E-01   6.653945E-01   6.917515E-01   7.041856E-01   7.064884E-01   7.040759E-01   7.027153E-01   7.086972E-01   7.087383E-01   7.061329E-01   7.136992E-01   7.138298E-01   7.215857E-01   7.207407E-01   7.236179E-01   7.425605E-01   6.686215E-01   1.000000E+00   6.687655E-01   7.082439E-01   6.937143E-01   7.276248E-01   7.198984E-01   7.015046E-01   6.895925E-01   6.703485E-01   6.662617E-01   6.742517E-01   6.659517E-01
   4.000633E-01   3.968263E-01   4.568678E-01   4.737674E-01   4.947975E-01   5.037806E-01   4.967919E-01   5.066825E-01   5.323246E-01   5.296128E-01   5.185953E-01   5.363377E-01   5.605159E-01   5.534173E-01   5.854301E-01   6.115957E-01   6.273088E-01   6.454053E-01   6.126143E-01   6.386739E-01   6.642066E-01   6.763774E-01   6.788229E-01   6.767385E-01   6.756640E-01   6.816508E-01   6.819239E-01   6.796480E-01   6.871551E-01   6.874972E-01   6.913550E-01   6.976032E-01   7.005166E-01   7.048895E-01   6.962975E-01   6.687655E-01   1.000000E+00   6.262816E-01   6.835049E-01   6.997469E-01   6.930753E-01   6.824248E-01   6.665351E-01   6.480910E-01   6.442860E-01   6.521512E-01   6.442461E-01
   3.885593E-01   3.854801E-01   4.438952E-01   4.604240E-01   4.809910E-01   4.898701E-01   4.832183E-01   4.929852E-01   5.180921E-01   5.156137E-01   5.050543E-01   5.225155E-01   5.462601E-01   5.395284E-01   5.709317E-01   5.966491E-01   6.121920E-01   6.300808E-01   5.982852E-01   6.239612E-01   6.491336E-01   6.612535E-01   6.638723E-01   6.620627E-01   6.612399E-01   6.673290E-01   6.678249E-01   6.658221E-01   6.733963E-01   6.739430E-01   6.779251E-01   6.800098E-01   6.903160E-01   6.949336E-01   6.703447E-01   7.082439E-01   6.262816E-01   1.000000E+00   6.111935E-01   7.008581E-01   6.781785E-01   6.683003E-01   6.605953E-01   6.377439E-01   6.341438E-01   6.420227E-01   6.343618E-01
   3.832941E-01   3.803191E-01   4.380404E-01   4.544591E-01   4.748875E-01   4.837992E-01   4.773726E-01   4.871666E-01   5.121340E-01   5.098439E-01   4.995688E-01   5.170215E-01   5.407051E-01   5.342274E-01   5.655152E-01   5.911869E-01   6.068003E-01   6.247591E-01   5.934480E-01   6.191416E-01   6.443471E-01   6.566029E-01   6.594303E-01   6.578599E-01   6.572690E-01   6.635503E-01   6.642703E-01   6.625025E-01   6.702570E-01   6.710111E-01   6.751750E-01   6.774395E-01   6.835210E-01   6.955994E-01   6.718899E-01   6.937143E-01   6.835049E-01   6.111935E-01   1.000000E+00   6.441621E-01   6.908385E-01   6.640387E-01   6.568258E-01   6.424919E-01   6.339244E-01   6.419358E-01   6.343955E-01
   3.959017E-01   3.928917E-01   4.526116E-01   4.696881E-01   4.909336E-01   5.002970E-01   4.937994E-01   5.040812E-01   5.300788E-01   5.278746E-01   5.174090E-01   5.356739E-01   5.604085E-01   5.538882E-01   5.865285E-01   6.133607E-01   6.297812E-01   6.486571E-01   6.163738E-01   6.432952E-01   6.697217E-01   6.826956E-01   6.858720E-01   6.844743E-01   6.840953E-01   6.908710E-01   6.918566E-01   6.902483E-01   6.985542E-01   6.995585E-01   7.041066E-01   7.066640E-01   7.132131E-01   7.215371E-01   7.040874E-01   7.276248E-01   6.997469E-01   7.008581E-01   6.441621E-01   1.000000E+00   6.686810E-01   7.076487E-01   6.836272E-01   6.685392E-01   6.681950E-01   6.720554E-01   6.642848E-01
   3.860999E-01   3.832203E-01   4.415523E-01   4.583144E-01   4.791688E-01   4.884492E-01   4.822449E-01   4.924282E-01   5.179781E-01   5.159801E-01   5.059133E-01   5.239507E-01   5.483299E-01   5.421329E-01   5.742706E-01   6.007375E-01   6.170298E-01   6.357482E-01   6.043210E-01   6.309390E-01   6.570834E-01   6.700361E-01   6.733781E-01   6.722298E-01   6.720812E-01   6.789640E-01   6.801566E-01   6.787965E-01   6.871796E-01   6.883747E-01   6.930466E-01   6.957498E-01   7.023926E-01   7.107941E-01   6.896372E-01   7.198984E-01   6.930753E-01   6.781785E-01   6.908385E-01   6.686810E-01   1.000000E+00   6.429021E-01   6.885442E-01   6.567011E-01   6.570334E-01   6.686953E-01   6.564251E-01
   3.744913E-01   3.717471E-01   4.284065E-01   4.447635E-01   4.651153E-01   4.742554E-01   4.683615E-01   4.783846E-01   5.033489E-01   5.015528E-01   4.919197E-01   5.096256E-01   5.335127E-01   5.276549E-01   5.591131E-01   5.850653E-01   6.011301E-01   6.195777E-01   5.891511E-01   6.153113E-01   6.410208E-01   6.538679E-01   6.573411E-01   6.564313E-01   6.564975E-01   6.634341E-01   6.648109E-01   6.636901E-01   6.720895E-01   6.734536E-01   6.782097E-01   6.810305E-01   6.877167E-01   6.961352E-01   6.755924E-01   7.015046E-01   6.824248E-01   6.683003E-01   6.640387E-01   7.076487E-01   6.429021E-01   1.000000E+00   6.161634E-01   6.594978E-01   6.414814E-01   6.537557E-01   6.498090E-01
   3.644585E-01   3.618316E-01   4.170474E-01   4.330581E-01   4.529824E-01   4.620107E-01   4.563942E-01   4.662893E-01   4.907598E-01   4.891475E-01   4.798989E-01   4.973332E-01   5.208120E-01   5.152590E-01   5.461504E-01   5.716785E-01   5.875665E-01   6.058021E-01   5.762464E-01   6.020365E-01   6.273968E-01   6.401750E-01   6.437802E-01   6.430929E-01   6.433619E-01   6.503661E-01   6.519200E-01   6.510224E-01   6.594573E-01   6.609844E-01   6.658313E-01   6.687702E-01   6.755138E-01   6.839690E-01   6.639569E-01   6.895925E-01   6.665351E-01   6.605953E-01   6.568258E-01   6.836272E-01   6.885442E-01   6.161634E-01   1.000000E+00   5.848540E-01   6.472778E-01   6.403623E-01   6.371125E-01
   3.508125E-01   3.483225E-01   4.015380E-01   4.170334E-01   4.363218E-01   4.451383E-01   4.398460E-01   4.495044E-01   4.732244E-01   4.718010E-01   4.630191E-01   4.799935E-01   5.028135E-01   4.976096E-01   5.276072E-01   5.524380E-01   5.679734E-01   5.857961E-01   5.574020E-01   5.825424E-01   6.072779E-01   6.198415E-01   6.235278E-01   6.230567E-01   6.235122E-01   6.304976E-01   6.321993E-01   6.315213E-01   6.398906E-01   6.415523E-01   6.464276E-01   6.494427E-01   6.561612E-01   6.645521E-01   6.452723E-01   6.703485E-01   6.480910E-01   6.377439E-01   6.424919E-01   6.685392E-01   6.567011E-01   6.594978E-01   5.848540E-01   1.000000E+00   5.626251E-01   6.395705E-01   6.168612E-01
   3.454710E-01   3.430535E-01   3.955196E-01   4.108562E-01   4.299522E-01   4.387512E-01   4.336450E-01   4.432801E-01   4.667922E-01   4.655094E-01   4.569727E-01   4.738674E-01   4.965442E-01   4.915511E-01   5.213357E-01   5.460287E-01   5.615528E-01   5.793548E-01   5.514450E-01   5.764962E-01   6.011569E-01   6.137744E-01   6.176062E-01   6.173206E-01   6.179532E-01   6.250595E-01   6.269280E-01   6.264346E-01   6.349103E-01   6.367261E-01   6.417233E-01   6.448665E-01   6.516954E-01   6.601943E-01   6.411934E-01   6.662617E-01   6.442860E-01   6.341438E-01   6.339244E-01   6.681950E-01   6.570334E-01   6.414814E-01   6.472778E-01   5.626251E-01   1.000000E+00   5.693796E-01   6.306970E-01
   3.466178E-01   3.442237E-01   3.969200E-01   4.123787E-01   4.316324E-01   4.405700E-01   4.355460E-01   4.453293E-01   4.690629E-01   4.678872E-01   4.594273E-01   4.765462E-01   4.994903E-01   4.946044E-01   5.247173E-01   5.497186E-01   5.655066E-01   5.836043E-01   5.556516E-01   5.810627E-01   6.060896E-01   6.189802E-01   6.230155E-01   6.228986E-01   6.237081E-01   6.310535E-01   6.331112E-01   6.327819E-01   6.415074E-01   6.434997E-01   6.486994E-01   6.520183E-01   6.590714E-01   6.678223E-01   6.487458E-01   6.742517E-01   6.521512E-01   6.420227E-01   6.419358E-01   6.720554E-01   6.686953E-01   6.537557E-01   6.403623E-01   6.395705E-01   5.693796E-01   1.000000E+00   5.716708E-01
   3.396800E-01   3.373626E-01   3.890555E-01   4.042700E-01   4.232237E-01   4.320809E-01   4.272464E-01   4.369384E-01   4.603263E-01   4.592747E-01   4.510787E-01   4.680063E-01   4.906642E-01   4.859877E-01   5.157044E-01   5.404087E-01   5.560717E-01   5.740198E-01   5.466710E-01   5.718226E-01   5.966045E-01   6.094451E-01   6.135710E-01   6.136084E-01   6.145583E-01   6.219501E-01   6.241307E-01   6.239564E-01   6.327062E-01   6.348115E-01   6.400743E-01   6.434750E-01   6.505681E-01   6.593446E-01   6.406381E-01   6.659517E-01   6.442461E-01   6.343618E-01   6.343955E-01   6.642848E-01   6.564251E-01   6.498090E-01   6.371125E-01   6.168612E-01   6.306970E-01   5.716708E-01   1.000000E+00
   5.703623E+03   1.771963E+03   3.073667E+03   3.081386E+03   2.618258E+03   1.944143E+03   1.375426E+03   1.282833E+03   1.459149E+03   1.431569E+03   1.367176E+03   1.107207E+03   9.232673E+02   8.645706E+02   9.016714E+02   1.011931E+03   8.577748E+02   7.455723E+02   5.581275E+02   4.714976E+02   4.653929E+02   4.722477E+02   4.650252E+02   4.005896E+02   3.283159E+02   2.831735E+02   2.884435E+02   2.919228E+02   2.730105E+02   2.304447E+02   2.023530E+02   1.666958E+02   1.600630E+02   1.520227E+02   1.478892E+02   1.372299E+02   1.192721E+02   1.145026E+02   9.855913E+01   1.014364E+02   9.923467E+01   9.032813E+01   8.475238E+01   7.438634E+01   6.813020E+01   6.813463E+01   6.694257E+01
   1.771963E+03   7.012344E+03   2.534552E+03   3.542679E+03   2.810365E+03   2.092555E+03   1.526003E+03   1.397668E+03   1.590606E+03   1.561481E+03   1.492053E+03   1.208922E+03   1.008556E+03   9.448646E+02   9.858178E+02   1.106780E+03   9.385227E+02   8.160592E+02   6.111121E+02   5.164372E+02   5.099076E+02   5.175571E+02   5.097864E+02   4.392800E+02   3.601248E+02   3.106865E+02   3.165503E+02   3.204541E+02   2.997724E+02   2.530999E+02   2.222985E+02   1.831646E+02   1.759115E+02   1.671071E+02   1.625943E+02   1.509035E+02   1.311797E+02   1.259552E+02   1.084349E+02   1.116183E+02   1.092115E+02   9.942260E+01   9.329674E+01   8.189469E+01   7.501465E+01   7.502638E+01   7.372006E+01
   3.073667E+03   2.534552E+03   8.502799E+03   3.569692E+03   3.681680E+03   2.593227E+03   1.888864E+03   1.780442E+03   1.997707E+03   1.962264E+03   1.876006E+03   1.520741E+03   1.269283E+03   1.189661E+03   1.241737E+03   1.394623E+03   1.183053E+03   1.029071E+03   7.709138E+02   6.517188E+02   6.436895E+02   6.535364E+02   6.439211E+02   5.550408E+02   4.551625E+02   3.927865E+02   4.003142E+02   4.053699E+02   3.793183E+02   3.203536E+02   2.814415E+02   2.319508E+02   2.228175E+02   2.117133E+02   2.060420E+02   1.912697E+02   1.663053E+02   1.597143E+02   1.375259E+02   1.415916E+02   1.385643E+02   1.261661E+02   1.184117E+02   1.039562E+02   9.523611E+01   9.526327E+01   9.361588E+01
   3.081386E+03   3.542679E+03   3.569692E+03   9.163194E+03   3.249038E+03   2.874456E+03   1.989529E+03   1.878098E+03   2.157160E+03   2.092899E+03   2.001927E+03   1.623578E+03   1.355737E+03   1.271263E+03   1.327459E+03   1.491461E+03   1.265684E+03   1.101374E+03   8.253952E+02   6.980417E+02   6.896807E+02   7.004507E+02   6.903711E+02   5.952823E+02   4.883202E+02   4.215288E+02   4.297415E+02   4.353078E+02   4.074616E+02   3.442308E+02   3.025063E+02   2.493776E+02   2.396209E+02   2.277385E+02   2.216950E+02   2.058527E+02   1.790290E+02   1.719745E+02   1.481179E+02   1.525330E+02   1.493053E+02   1.359748E+02   1.276433E+02   1.120823E+02   1.026989E+02   1.027451E+02   1.009839E+02
