window_0809/window_
 47  0  0  0  0  0
BAND_SELECTION
  1 47
  0  0
  0  0
  0  0
  0  0
  0  0
1 1.0 000.0000
0 0 0
0 #iliketype
TT
    1    1.706654E+03   9.517872E+01   9.517872E+01   1.000000E+06    650    699
    2    2.014807E+03   9.818600E+01   9.818600E+01   1.000000E+06    700    749
    3    2.529076E+03   1.109757E+02   1.109757E+02   1.000000E+06    750    799
    4    2.560573E+03   1.118081E+02   1.118081E+02   1.000000E+06    800    849
    5    2.147562E+03   9.299560E+01   9.299560E+01   1.000000E+06    850    899
    6    1.599803E+03   6.886971E+01   6.886971E+01   1.000000E+06    900    949
    7    1.160347E+03   5.124627E+01   5.124627E+01   1.000000E+06    950    999
    8    1.104879E+03   4.335106E+01   4.335106E+01   1.000000E+06   1000   1049
    9    1.186428E+03   4.634543E+01   4.634543E+01   1.000000E+06   1050   1099
   10    1.247107E+03   4.715344E+01   4.715344E+01   1.000000E+06   1100   1149
   11    1.129567E+03   4.264577E+01   4.264577E+01   1.000000E+06   1150   1199
   12    9.464609E+02   3.549147E+01   3.549147E+01   1.000000E+06   1200   1249
   13    8.390686E+02   2.898969E+01   2.898969E+01   1.000000E+06   1250   1299
   14    6.962142E+02   2.668720E+01   2.668720E+01   1.000000E+06   1300   1349
   15    8.134220E+02   2.657635E+01   2.657635E+01   1.000000E+06   1350   1399
   16    8.692087E+02   2.820908E+01   2.820908E+01   1.000000E+06   1400   1449
   17    7.385662E+02   2.474541E+01   2.474541E+01   1.000000E+06   1450   1499
   18    6.124956E+02   2.132479E+01   2.132479E+01   1.000000E+06   1500   1549
   19    4.885580E+02   1.693387E+01   1.693387E+01   1.000000E+06   1550   1599
   20    4.068577E+02   1.394602E+01   1.394602E+01   1.000000E+06   1600   1649
   21    3.877491E+02   1.353772E+01   1.353772E+01   1.000000E+06   1650   1699
   22    4.235657E+02   1.305882E+01   1.305882E+01   1.000000E+06   1700   1749
   23    3.963086E+02   1.281705E+01   1.281705E+01   1.000000E+06   1750   1799
   24    3.431552E+02   1.118762E+01   1.118762E+01   1.000000E+06   1800   1849
   25    2.863775E+02   9.828305E+00   9.828305E+00   1.000000E+06   1850   1899
   26    2.344945E+02   8.832412E+00   8.832412E+00   1.000000E+06   1900   1949
   27    2.472332E+02   8.241907E+00   8.241907E+00   1.000000E+06   1950   1999
   28    2.405050E+02   8.155135E+00   8.155135E+00   1.000000E+06   2000   2049
   29    2.334213E+02   7.660055E+00   7.660055E+00   1.000000E+06   2050   2099
   30    2.098066E+02   6.954687E+00   6.954687E+00   1.000000E+06   2100   2149
   31    1.816618E+02   6.173544E+00   6.173544E+00   1.000000E+06   2150   2199
   32    1.421298E+02   5.403746E+00   5.403746E+00   1.000000E+06   2200   2249
   33    1.425738E+02   5.399530E+00   5.399530E+00   1.000000E+06   2250   2299
   34    1.317513E+02   5.097680E+00   5.097680E+00   1.000000E+06   2300   2349
   35    1.326651E+02   4.984110E+00   4.984110E+00   1.000000E+06   2350   2399
   36    1.097888E+02   4.521869E+00   4.521869E+00   1.000000E+06   2400   2449
   37    1.079654E+02   4.365294E+00   4.365294E+00   1.000000E+06   2450   2499
   38    1.018546E+02   4.744482E+00   4.744482E+00   1.000000E+06   2500   2549
   39    8.661607E+01   3.831138E+00   3.831138E+00   1.000000E+06   2550   2599
   40    8.362471E+01   3.774536E+00   3.774536E+00   1.000000E+06   2600   2649
   41    8.343774E+01   4.053726E+00   4.053726E+00   1.000000E+06   2650   2699
   42    8.381283E+01   4.019008E+00   4.019008E+00   1.000000E+06   2700   2749
   43    7.189317E+01   3.583469E+00   3.583469E+00   1.000000E+06   2750   2799
   44    6.947553E+01   3.861126E+00   3.861126E+00   1.000000E+06   2800   2849
   45    6.313121E+01   4.076483E+00   4.076483E+00   1.000000E+06   2850   2899
   46    5.885997E+01   3.465882E+00   3.465882E+00   1.000000E+06   2900   2949
   47    6.196208E+01   4.085253E+00   4.085253E+00   1.000000E+06   2950   2999
   1.000000E+00   1.850782E-01   2.982534E-01   2.927251E-01   2.949087E-01   2.905743E-01   2.846479E-01   3.069142E-01   3.077108E-01   3.136833E-01   3.139195E-01   3.150646E-01   3.296532E-01   3.108035E-01   3.389344E-01   3.398122E-01   3.340099E-01   3.269743E-01   3.273278E-01   3.288485E-01   3.251047E-01   3.451971E-01   3.370192E-01   3.349694E-01   3.256959E-01   3.094545E-01   3.290670E-01   3.254277E-01   3.301851E-01   3.272571E-01   3.227659E-01   3.034595E-01   3.032313E-01   2.990485E-01   3.026580E-01   2.873387E-01   2.892977E-01   2.655022E-01   2.732480E-01   2.691283E-01   2.565036E-01   2.579618E-01   2.510220E-01   2.330473E-01   2.090064E-01   2.227173E-01   2.052306E-01
   1.850782E-01   1.000000E+00   2.405826E-01   3.292474E-01   3.250120E-01   3.269978E-01   3.163228E-01   3.399052E-01   3.408070E-01   3.474609E-01   3.477841E-01   3.490988E-01   3.653376E-01   3.444892E-01   3.757053E-01   3.766965E-01   3.703178E-01   3.625699E-01   3.630206E-01   3.647041E-01   3.606524E-01   3.829925E-01   3.738759E-01   3.716651E-01   3.614434E-01   3.433785E-01   3.652307E-01   3.612397E-01   3.664675E-01   3.633485E-01   3.583287E-01   3.369898E-01   3.367810E-01   3.321349E-01   3.362234E-01   3.191622E-01   3.214113E-01   2.949647E-01   3.036024E-01   2.990600E-01   2.850480E-01   2.866873E-01   2.790056E-01   2.590416E-01   2.323208E-01   2.476391E-01   2.280969E-01
   2.982534E-01   2.405826E-01   1.000000E+00   2.688812E-01   3.550988E-01   3.506197E-01   3.454753E-01   3.667934E-01   3.667033E-01   3.739030E-01   3.742901E-01   3.757454E-01   3.932642E-01   3.708601E-01   4.045043E-01   4.056071E-01   3.987765E-01   3.904724E-01   3.909990E-01   3.928522E-01   3.885312E-01   4.126401E-01   4.028506E-01   4.005079E-01   3.895334E-01   3.700938E-01   3.936907E-01   3.894287E-01   3.950930E-01   3.917813E-01   3.863969E-01   3.634287E-01   3.632402E-01   3.582594E-01   3.627118E-01   3.443273E-01   3.467922E-01   3.182785E-01   3.276297E-01   3.227604E-01   3.076656E-01   3.094624E-01   3.011996E-01   2.796718E-01   2.508408E-01   2.674130E-01   2.463054E-01
   2.927251E-01   3.292474E-01   2.688812E-01   1.000000E+00   2.731050E-01   3.583149E-01   3.467291E-01   3.736770E-01   3.696477E-01   3.758370E-01   3.762785E-01   3.777898E-01   3.954634E-01   3.729799E-01   4.068620E-01   4.080089E-01   4.011903E-01   3.928894E-01   3.934764E-01   3.953738E-01   3.911000E-01   4.154242E-01   4.055824E-01   4.032830E-01   3.922941E-01   3.727286E-01   3.965670E-01   3.923286E-01   3.980419E-01   3.947994E-01   3.893871E-01   3.663144E-01   3.661745E-01   3.611821E-01   3.657392E-01   3.472052E-01   3.497536E-01   3.210142E-01   3.304870E-01   3.256186E-01   3.104222E-01   3.122679E-01   3.039688E-01   2.822715E-01   2.531905E-01   2.699777E-01   2.486277E-01
   2.949087E-01   3.250120E-01   3.550988E-01   2.731050E-01   1.000000E+00   2.776496E-01   3.554283E-01   3.761979E-01   3.777274E-01   3.800074E-01   3.793393E-01   3.809210E-01   3.988249E-01   3.762062E-01   4.104355E-01   4.116320E-01   4.048240E-01   3.965190E-01   3.971883E-01   3.991250E-01   3.949261E-01   4.195616E-01   4.096077E-01   4.073698E-01   3.963582E-01   3.765758E-01   4.007717E-01   3.965609E-01   4.023105E-01   3.991845E-01   3.937034E-01   3.704892E-01   3.704151E-01   3.653887E-01   3.701021E-01   3.513249E-01   3.539993E-01   3.249215E-01   3.345637E-01   3.296918E-01   3.143418E-01   3.162493E-01   3.078952E-01   2.859500E-01   2.565065E-01   2.736118E-01   2.518813E-01
   2.905743E-01   3.269978E-01   3.506197E-01   3.583149E-01   2.776496E-01   1.000000E+00   2.740420E-01   3.844402E-01   3.793524E-01   3.872876E-01   3.828035E-01   3.833695E-01   4.014716E-01   3.787616E-01   4.132821E-01   4.145336E-01   4.077521E-01   3.994617E-01   4.002159E-01   4.021980E-01   3.980812E-01   4.229919E-01   4.129565E-01   4.107878E-01   3.997756E-01   3.798212E-01   4.043387E-01   4.001686E-01   4.059590E-01   4.029542E-01   3.974238E-01   3.741051E-01   3.741027E-01   3.690591E-01   3.739260E-01   3.549434E-01   3.577438E-01   3.283767E-01   3.381808E-01   3.333181E-01   3.178417E-01   3.198145E-01   3.114219E-01   2.892632E-01   2.595002E-01   2.769044E-01   2.548292E-01
   2.846479E-01   3.163228E-01   3.454753E-01   3.467291E-01   3.554283E-01   2.740420E-01   1.000000E+00   2.983559E-01   3.796806E-01   3.812093E-01   3.822490E-01   3.788163E-01   3.957977E-01   3.734663E-01   4.075622E-01   4.088434E-01   4.022273E-01   3.941223E-01   3.949444E-01   3.969337E-01   3.929804E-01   4.176489E-01   4.077453E-01   4.056894E-01   3.949033E-01   3.751955E-01   3.995238E-01   3.954805E-01   4.011973E-01   3.983712E-01   3.929105E-01   3.699673E-01   3.700364E-01   3.650824E-01   3.699998E-01   3.512095E-01   3.540764E-01   3.250310E-01   3.347945E-01   3.300419E-01   3.147607E-01   3.167590E-01   3.085020E-01   2.865895E-01   2.571242E-01   2.744653E-01   2.525077E-01
   3.069142E-01   3.399052E-01   3.667934E-01   3.736770E-01   3.761979E-01   3.844402E-01   2.983559E-01   1.000000E+00   3.317239E-01   4.167192E-01   4.118326E-01   4.140823E-01   4.286644E-01   4.036657E-01   4.405859E-01   4.420199E-01   4.349580E-01   4.262845E-01   4.272726E-01   4.294483E-01   4.253229E-01   4.521167E-01   4.413724E-01   4.392586E-01   4.276979E-01   4.063295E-01   4.328260E-01   4.285417E-01   4.346957E-01   4.318395E-01   4.259022E-01   4.011883E-01   4.013531E-01   3.960083E-01   4.014834E-01   3.810576E-01   3.843006E-01   3.527878E-01   3.634585E-01   3.583755E-01   3.418302E-01   3.440512E-01   3.351516E-01   3.113886E-01   2.793940E-01   2.983778E-01   2.743674E-01
   3.077108E-01   3.408070E-01   3.667033E-01   3.696477E-01   3.777274E-01   3.793524E-01   3.796806E-01   3.317239E-01   1.000000E+00   3.418826E-01   4.187513E-01   4.150302E-01   4.350209E-01   4.063115E-01   4.424074E-01   4.439069E-01   4.368730E-01   4.282222E-01   4.292769E-01   4.315319E-01   4.274463E-01   4.544413E-01   4.437116E-01   4.416498E-01   4.300897E-01   4.086669E-01   4.353823E-01   4.311404E-01   4.374000E-01   4.345928E-01   4.286807E-01   4.038641E-01   4.040910E-01   3.987714E-01   4.043478E-01   3.838302E-01   3.871546E-01   3.554568E-01   3.662627E-01   3.611961E-01   3.445717E-01   3.468607E-01   3.379384E-01   3.140233E-01   2.817951E-01   3.009851E-01   2.767884E-01
   3.136833E-01   3.474609E-01   3.739030E-01   3.758370E-01   3.800074E-01   3.872876E-01   3.812093E-01   4.167192E-01   3.418826E-01   1.000000E+00   3.524161E-01   4.290556E-01   4.434901E-01   4.196634E-01   4.529301E-01   4.534416E-01   4.463288E-01   4.375654E-01   4.387214E-01   4.410889E-01   4.370043E-01   4.646839E-01   4.537621E-01   4.517363E-01   4.399969E-01   4.181266E-01   4.455564E-01   4.412972E-01   4.477482E-01   4.449869E-01   4.389795E-01   4.136581E-01   4.139650E-01   4.085731E-01   4.143771E-01   3.933839E-01   3.968754E-01   3.644249E-01   3.755682E-01   3.704396E-01   3.534446E-01   3.558477E-01   3.467539E-01   3.222635E-01   2.892255E-01   3.089958E-01   2.841351E-01
   3.139195E-01   3.477841E-01   3.742901E-01   3.762785E-01   3.793393E-01   3.828035E-01   3.822490E-01   4.118326E-01   4.187513E-01   3.524161E-01   1.000000E+00   3.561413E-01   4.499787E-01   4.204930E-01   4.586598E-01   4.559279E-01   4.478750E-01   4.391736E-01   4.404326E-01   4.428616E-01   4.388937E-01   4.667915E-01   4.558407E-01   4.539145E-01   4.422317E-01   4.202680E-01   4.479743E-01   4.437925E-01   4.502876E-01   4.476862E-01   4.416627E-01   4.163236E-01   4.167252E-01   4.113481E-01   4.173209E-01   3.961809E-01   3.998188E-01   3.671619E-01   3.784681E-01   3.733815E-01   3.563110E-01   3.587947E-01   3.496990E-01   3.250530E-01   2.917621E-01   3.118267E-01   2.866521E-01
   3.150646E-01   3.490988E-01   3.757454E-01   3.777898E-01   3.809210E-01   3.833695E-01   3.788163E-01   4.140823E-01   4.150302E-01   4.290556E-01   3.561413E-01   1.000000E+00   3.813874E-01   4.282503E-01   4.607997E-01   4.628942E-01   4.514321E-01   4.419723E-01   4.433330E-01   4.458442E-01   4.419649E-01   4.701536E-01   4.591699E-01   4.573312E-01   4.456650E-01   4.235729E-01   4.516180E-01   4.475002E-01   4.540868E-01   4.516104E-01   4.455771E-01   4.201310E-01   4.206260E-01   4.152609E-01   4.214053E-01   4.000853E-01   4.038669E-01   3.709258E-01   3.824262E-01   3.773666E-01   3.601773E-01   3.627521E-01   3.536280E-01   3.287611E-01   2.951300E-01   3.155266E-01   2.900077E-01
   3.296532E-01   3.653376E-01   3.932642E-01   3.954634E-01   3.988249E-01   4.014716E-01   3.957977E-01   4.286644E-01   4.350209E-01   4.434901E-01   4.499787E-01   3.813874E-01   1.000000E+00   3.769017E-01   4.878254E-01   4.849899E-01   4.780511E-01   4.648620E-01   4.655021E-01   4.681918E-01   4.642874E-01   4.940184E-01   4.824849E-01   4.806880E-01   4.685674E-01   4.453445E-01   4.750043E-01   4.707956E-01   4.777133E-01   4.753385E-01   4.689963E-01   4.423909E-01   4.430256E-01   4.374271E-01   4.440656E-01   4.215836E-01   4.257258E-01   3.910350E-01   4.032558E-01   3.980204E-01   3.799592E-01   3.827470E-01   3.732097E-01   3.470265E-01   3.115621E-01   3.332576E-01   3.061683E-01
   3.108035E-01   3.444892E-01   3.708601E-01   3.729799E-01   3.762062E-01   3.787616E-01   3.734663E-01   4.036657E-01   4.063115E-01   4.196634E-01   4.204930E-01   4.282503E-01   3.769017E-01   1.000000E+00   3.926172E-01   4.639184E-01   4.520710E-01   4.440866E-01   4.410942E-01   4.427839E-01   4.392080E-01   4.674306E-01   4.565659E-01   4.549692E-01   4.436038E-01   4.216621E-01   4.498679E-01   4.459821E-01   4.525740E-01   4.504738E-01   4.445078E-01   4.194113E-01   4.201048E-01   4.148599E-01   4.212731E-01   3.999729E-01   4.040132E-01   3.711399E-01   3.828193E-01   3.779313E-01   3.608467E-01   3.635601E-01   3.545745E-01   3.297560E-01   2.960972E-01   3.168188E-01   2.910194E-01
   3.389344E-01   3.757053E-01   4.045043E-01   4.068620E-01   4.104355E-01   4.132821E-01   4.075622E-01   4.405859E-01   4.424074E-01   4.529301E-01   4.586598E-01   4.607997E-01   4.878254E-01   3.926172E-01   1.000000E+00   4.410691E-01   4.979728E-01   4.842933E-01   4.864403E-01   4.852282E-01   4.804668E-01   5.114423E-01   4.996174E-01   4.979763E-01   4.856448E-01   4.616821E-01   4.926875E-01   4.885366E-01   4.958131E-01   4.936556E-01   4.871758E-01   4.597870E-01   4.606422E-01   4.549648E-01   4.621141E-01   4.387911E-01   4.433328E-01   4.073173E-01   4.202194E-01   4.149396E-01   3.962524E-01   3.993027E-01   3.895105E-01   3.623089E-01   3.253736E-01   3.482416E-01   3.198561E-01
   3.398122E-01   3.766965E-01   4.056071E-01   4.080089E-01   4.116320E-01   4.145336E-01   4.088434E-01   4.420199E-01   4.439069E-01   4.534416E-01   4.559279E-01   4.628942E-01   4.849899E-01   4.639184E-01   4.410691E-01   1.000000E+00   4.357016E-01   4.914451E-01   4.885418E-01   4.917508E-01   4.838416E-01   5.142424E-01   5.024407E-01   5.008794E-01   4.885654E-01   4.645420E-01   4.958339E-01   4.917498E-01   4.991622E-01   4.970858E-01   4.906429E-01   4.631415E-01   4.640862E-01   4.584489E-01   4.657407E-01   4.423054E-01   4.469649E-01   4.107224E-01   4.238078E-01   4.185590E-01   3.997782E-01   4.029241E-01   3.931111E-01   3.657195E-01   3.284872E-01   3.516344E-01   3.230034E-01
   3.340099E-01   3.703178E-01   3.987765E-01   4.011903E-01   4.048240E-01   4.077521E-01   4.022273E-01   4.349580E-01   4.368730E-01   4.463288E-01   4.478750E-01   4.514321E-01   4.780511E-01   4.520710E-01   4.979728E-01   4.357016E-01   1.000000E+00   4.179745E-01   4.867914E-01   4.847613E-01   4.816552E-01   5.081970E-01   4.958698E-01   4.944601E-01   4.824398E-01   4.587495E-01   4.898127E-01   4.859013E-01   4.932463E-01   4.913996E-01   4.850635E-01   4.580362E-01   4.590838E-01   4.535740E-01   4.609429E-01   4.377602E-01   4.425185E-01   4.066846E-01   4.197401E-01   4.146424E-01   3.961123E-01   3.993061E-01   3.896717E-01   3.625858E-01   3.257159E-01   3.488130E-01   3.203166E-01
   3.269743E-01   3.625699E-01   3.904724E-01   3.928894E-01   3.965190E-01   3.994617E-01   3.941223E-01   4.262845E-01   4.282222E-01   4.375654E-01   4.391736E-01   4.419723E-01   4.648620E-01   4.440866E-01   4.842933E-01   4.914451E-01   4.179745E-01   1.000000E+00   4.108050E-01   4.814334E-01   4.731392E-01   5.038061E-01   4.883367E-01   4.862336E-01   4.745520E-01   4.512855E-01   4.820072E-01   4.782846E-01   4.855402E-01   4.839291E-01   4.777269E-01   4.512716E-01   4.524197E-01   4.470603E-01   4.544802E-01   4.316376E-01   4.364781E-01   4.011846E-01   4.141648E-01   4.092380E-01   3.910270E-01   3.942591E-01   3.848392E-01   3.581575E-01   3.217833E-01   3.447476E-01   3.164915E-01
   3.273278E-01   3.630206E-01   3.909990E-01   3.934764E-01   3.971883E-01   4.002159E-01   3.949444E-01   4.272726E-01   4.292769E-01   4.387214E-01   4.404326E-01   4.433330E-01   4.655021E-01   4.410942E-01   4.864403E-01   4.885418E-01   4.867914E-01   4.108050E-01   1.000000E+00   4.167599E-01   4.807767E-01   5.060875E-01   4.950672E-01   4.897422E-01   4.774801E-01   4.540982E-01   4.851901E-01   4.815768E-01   4.888964E-01   4.875045E-01   4.812857E-01   4.548139E-01   4.560944E-01   4.507599E-01   4.584129E-01   4.353769E-01   4.404225E-01   4.048583E-01   4.180646E-01   4.132010E-01   3.948935E-01   3.982396E-01   3.888231E-01   3.619353E-01   3.252219E-01   3.485963E-01   3.199072E-01
   3.288485E-01   3.647041E-01   3.928522E-01   3.953738E-01   3.991250E-01   4.021980E-01   3.969337E-01   4.294483E-01   4.315319E-01   4.410889E-01   4.428616E-01   4.458442E-01   4.681918E-01   4.427839E-01   4.852282E-01   4.917508E-01   4.847613E-01   4.814334E-01   4.167599E-01   1.000000E+00   4.168196E-01   5.143204E-01   4.984960E-01   4.977403E-01   4.818209E-01   4.577834E-01   4.891810E-01   4.856210E-01   4.931612E-01   4.917758E-01   4.856395E-01   4.589559E-01   4.603184E-01   4.550433E-01   4.628119E-01   4.396885E-01   4.448211E-01   4.089973E-01   4.224049E-01   4.175569E-01   3.991313E-01   4.025848E-01   3.931234E-01   3.660047E-01   3.289434E-01   3.525776E-01   3.237102E-01
   3.251047E-01   3.606524E-01   3.885312E-01   3.911000E-01   3.949261E-01   3.980812E-01   3.929804E-01   4.253229E-01   4.274463E-01   4.370043E-01   4.388937E-01   4.419649E-01   4.642874E-01   4.392080E-01   4.804668E-01   4.838416E-01   4.816552E-01   4.731392E-01   4.807767E-01   4.168196E-01   1.000000E+00   4.481943E-01   5.003594E-01   4.947616E-01   4.839531E-01   4.559841E-01   4.869919E-01   4.836200E-01   4.910429E-01   4.900460E-01   4.838862E-01   4.575899E-01   4.591114E-01   4.538916E-01   4.619059E-01   4.387412E-01   4.441174E-01   4.083657E-01   4.218904E-01   4.171903E-01   3.988654E-01   4.024073E-01   3.930786E-01   3.660367E-01   3.290029E-01   3.529299E-01   3.237256E-01
   3.451971E-01   3.829925E-01   4.126401E-01   4.154242E-01   4.195616E-01   4.229919E-01   4.176489E-01   4.521167E-01   4.544413E-01   4.646839E-01   4.667915E-01   4.701536E-01   4.940184E-01   4.674306E-01   5.114423E-01   5.142424E-01   5.081970E-01   5.038061E-01   5.060875E-01   5.143204E-01   4.481943E-01   1.000000E+00   4.718240E-01   5.316608E-01   5.151642E-01   4.910023E-01   5.204105E-01   5.163420E-01   5.242994E-01   5.234523E-01   5.169163E-01   4.889970E-01   4.907468E-01   4.852443E-01   4.939778E-01   4.692242E-01   4.751302E-01   4.369376E-01   4.515158E-01   4.465953E-01   4.270617E-01   4.309386E-01   4.210467E-01   3.921537E-01   3.525263E-01   3.783162E-01   3.469188E-01
   3.370192E-01   3.738759E-01   4.028506E-01   4.055824E-01   4.096077E-01   4.129565E-01   4.077453E-01   4.413724E-01   4.437116E-01   4.537621E-01   4.558407E-01   4.591699E-01   4.824849E-01   4.565659E-01   4.996174E-01   5.024407E-01   4.958698E-01   4.883367E-01   4.950672E-01   4.984960E-01   5.003594E-01   4.718240E-01   1.000000E+00   4.585431E-01   5.088151E-01   4.801938E-01   5.131670E-01   5.059286E-01   5.132856E-01   5.123286E-01   5.061416E-01   4.787256E-01   4.804716E-01   4.752208E-01   4.837264E-01   4.597102E-01   4.654451E-01   4.281601E-01   4.424831E-01   4.376959E-01   4.186226E-01   4.224865E-01   4.128176E-01   3.845528E-01   3.457728E-01   3.709383E-01   3.404928E-01
   3.349694E-01   3.716651E-01   4.005079E-01   4.032830E-01   4.073698E-01   4.107878E-01   4.056894E-01   4.392586E-01   4.416498E-01   4.517363E-01   4.539145E-01   4.573312E-01   4.806880E-01   4.549692E-01   4.979763E-01   5.008794E-01   4.944601E-01   4.862336E-01   4.897422E-01   4.977403E-01   4.947616E-01   5.316608E-01   4.585431E-01   1.000000E+00   4.450189E-01   4.848869E-01   5.128652E-01   5.099863E-01   5.136425E-01   5.125912E-01   5.064132E-01   4.791997E-01   4.810870E-01   4.758944E-01   4.846168E-01   4.605377E-01   4.664803E-01   4.291578E-01   4.436370E-01   4.389619E-01   4.199193E-01   4.238845E-01   4.142957E-01   3.860046E-01   3.471221E-01   3.725950E-01   3.418380E-01
   3.256959E-01   3.614434E-01   3.895334E-01   3.922941E-01   3.963582E-01   3.997756E-01   3.949033E-01   4.276979E-01   4.300897E-01   4.399969E-01   4.422317E-01   4.456650E-01   4.685674E-01   4.436038E-01   4.856448E-01   4.885654E-01   4.824398E-01   4.745520E-01   4.774801E-01   4.818209E-01   4.839531E-01   5.151642E-01   5.088151E-01   4.450189E-01   1.000000E+00   4.066995E-01   5.066981E-01   4.989017E-01   5.071453E-01   5.022759E-01   4.958442E-01   4.694313E-01   4.714248E-01   4.663969E-01   4.751629E-01   4.515208E-01   4.575570E-01   4.209882E-01   4.353183E-01   4.308595E-01   4.122543E-01   4.162371E-01   4.069371E-01   3.792232E-01   3.410650E-01   3.663206E-01   3.358770E-01
   3.094545E-01   3.433785E-01   3.700938E-01   3.727286E-01   3.765758E-01   3.798212E-01   3.751955E-01   4.063295E-01   4.086669E-01   4.181266E-01   4.202680E-01   4.235729E-01   4.453445E-01   4.216621E-01   4.616821E-01   4.645420E-01   4.587495E-01   4.512855E-01   4.540982E-01   4.577834E-01   4.559841E-01   4.910023E-01   4.801938E-01   4.848869E-01   4.066995E-01   1.000000E+00   4.169320E-01   4.805862E-01   4.829524E-01   4.830797E-01   4.727175E-01   4.472224E-01   4.491478E-01   4.444919E-01   4.527877E-01   4.304860E-01   4.361788E-01   4.014473E-01   4.151438E-01   4.109200E-01   3.932432E-01   3.971016E-01   3.882522E-01   3.618709E-01   3.255369E-01   3.494975E-01   3.208084E-01
   3.290670E-01   3.652307E-01   3.936907E-01   3.965670E-01   4.007717E-01   4.043387E-01   3.995238E-01   4.328260E-01   4.353823E-01   4.455564E-01   4.479743E-01   4.516180E-01   4.750043E-01   4.498679E-01   4.926875E-01   4.958339E-01   4.898127E-01   4.820072E-01   4.851901E-01   4.891810E-01   4.869919E-01   5.204105E-01   5.131670E-01   5.128652E-01   5.066981E-01   4.169320E-01   1.000000E+00   4.507551E-01   5.215828E-01   5.167397E-01   5.111300E-01   4.801628E-01   4.819028E-01   4.769548E-01   4.861364E-01   4.621061E-01   4.684881E-01   4.312067E-01   4.460679E-01   4.416821E-01   4.227740E-01   4.270208E-01   4.176424E-01   3.893439E-01   3.502862E-01   3.763777E-01   3.451571E-01
   3.254277E-01   3.612397E-01   3.894287E-01   3.923286E-01   3.965609E-01   4.001686E-01   3.954805E-01   4.285417E-01   4.311404E-01   4.412972E-01   4.437925E-01   4.475002E-01   4.707956E-01   4.459821E-01   4.885366E-01   4.917498E-01   4.859013E-01   4.782846E-01   4.815768E-01   4.856210E-01   4.836200E-01   5.163420E-01   5.059286E-01   5.099863E-01   4.989017E-01   4.805862E-01   4.507551E-01   1.000000E+00   4.567115E-01   5.191461E-01   5.083944E-01   4.827617E-01   4.802595E-01   4.751274E-01   4.844499E-01   4.605172E-01   4.670462E-01   4.299379E-01   4.448701E-01   4.406118E-01   4.218358E-01   4.261613E-01   4.169054E-01   3.887321E-01   3.497856E-01   3.760082E-01   3.447084E-01
   3.301851E-01   3.664675E-01   3.950930E-01   3.980419E-01   4.023105E-01   4.059590E-01   4.011973E-01   4.346957E-01   4.374000E-01   4.477482E-01   4.502876E-01   4.540868E-01   4.777133E-01   4.525740E-01   4.958131E-01   4.991622E-01   4.932463E-01   4.855402E-01   4.888964E-01   4.931612E-01   4.910429E-01   5.242994E-01   5.132856E-01   5.136425E-01   5.071453E-01   4.829524E-01   5.215828E-01   4.567115E-01   1.000000E+00   4.658842E-01   5.217551E-01   4.899781E-01   4.930974E-01   4.835150E-01   4.926084E-01   4.685553E-01   4.750901E-01   4.374942E-01   4.527079E-01   4.483895E-01   4.293512E-01   4.338126E-01   4.244005E-01   3.957828E-01   3.562194E-01   3.827094E-01   3.513229E-01
   3.272571E-01   3.633485E-01   3.917813E-01   3.947994E-01   3.991845E-01   4.029542E-01   3.983712E-01   4.318395E-01   4.345928E-01   4.449869E-01   4.476862E-01   4.516104E-01   4.753385E-01   4.504738E-01   4.936556E-01   4.970858E-01   4.913996E-01   4.839291E-01   4.875045E-01   4.917758E-01   4.900460E-01   5.234523E-01   5.123286E-01   5.125912E-01   5.022759E-01   4.830797E-01   5.167397E-01   5.191461E-01   4.658842E-01   1.000000E+00   4.599496E-01   4.959881E-01   4.933177E-01   4.893368E-01   4.942997E-01   4.697067E-01   4.766527E-01   4.389106E-01   4.543640E-01   4.502259E-01   4.312066E-01   4.357966E-01   4.265197E-01   3.978421E-01   3.580870E-01   3.852001E-01   3.530137E-01
   3.227659E-01   3.583287E-01   3.863969E-01   3.893871E-01   3.937034E-01   3.974238E-01   3.929105E-01   4.259022E-01   4.286807E-01   4.389795E-01   4.416627E-01   4.455771E-01   4.689963E-01   4.445078E-01   4.871758E-01   4.906429E-01   4.850635E-01   4.777269E-01   4.812857E-01   4.856395E-01   4.838862E-01   5.169163E-01   5.061416E-01   5.064132E-01   4.958442E-01   4.727175E-01   5.111300E-01   5.083944E-01   5.217551E-01   4.599496E-01   1.000000E+00   4.246871E-01   4.933105E-01   4.833148E-01   4.935377E-01   4.649475E-01   4.715893E-01   4.343756E-01   4.496981E-01   4.456283E-01   4.268688E-01   4.314702E-01   4.223057E-01   3.939701E-01   3.546793E-01   3.813818E-01   3.498786E-01
   3.034595E-01   3.369898E-01   3.634287E-01   3.663144E-01   3.704892E-01   3.741051E-01   3.699673E-01   4.011883E-01   4.038641E-01   4.136581E-01   4.163236E-01   4.201310E-01   4.423909E-01   4.194113E-01   4.597870E-01   4.631415E-01   4.580362E-01   4.512716E-01   4.548139E-01   4.589559E-01   4.575899E-01   4.889970E-01   4.787256E-01   4.791997E-01   4.694313E-01   4.472224E-01   4.801628E-01   4.827617E-01   4.899781E-01   4.959881E-01   4.246871E-01   1.000000E+00   4.001172E-01   4.647490E-01   4.686444E-01   4.467411E-01   4.482117E-01   4.126438E-01   4.273493E-01   4.236354E-01   4.058821E-01   4.103464E-01   4.017699E-01   3.748811E-01   3.375113E-01   3.632830E-01   3.328444E-01
   3.032313E-01   3.367810E-01   3.632402E-01   3.661745E-01   3.704151E-01   3.741027E-01   3.700364E-01   4.013531E-01   4.040910E-01   4.139650E-01   4.167252E-01   4.206260E-01   4.430256E-01   4.201048E-01   4.606422E-01   4.640862E-01   4.590838E-01   4.524197E-01   4.560944E-01   4.603184E-01   4.591114E-01   4.907468E-01   4.804716E-01   4.810870E-01   4.714248E-01   4.491478E-01   4.819028E-01   4.802595E-01   4.930974E-01   4.933177E-01   4.933105E-01   4.001172E-01   1.000000E+00   3.984618E-01   4.772945E-01   4.488488E-01   4.564931E-01   4.151515E-01   4.304768E-01   4.268408E-01   4.090284E-01   4.136047E-01   4.050543E-01   3.780111E-01   3.403701E-01   3.665246E-01   3.356898E-01
   2.990485E-01   3.321349E-01   3.582594E-01   3.611821E-01   3.653887E-01   3.690591E-01   3.650824E-01   3.960083E-01   3.987714E-01   4.085731E-01   4.113481E-01   4.152609E-01   4.374271E-01   4.148599E-01   4.549648E-01   4.584489E-01   4.535740E-01   4.470603E-01   4.507599E-01   4.550433E-01   4.538916E-01   4.852443E-01   4.752208E-01   4.758944E-01   4.663969E-01   4.444919E-01   4.769548E-01   4.751274E-01   4.835150E-01   4.893368E-01   4.833148E-01   4.647490E-01   3.984618E-01   1.000000E+00   4.048731E-01   4.506899E-01   4.518951E-01   4.178279E-01   4.274063E-01   4.233555E-01   4.057579E-01   4.103632E-01   4.019300E-01   3.751568E-01   3.378623E-01   3.638004E-01   3.333601E-01
   3.026580E-01   3.362234E-01   3.627118E-01   3.657392E-01   3.701021E-01   3.739260E-01   3.699998E-01   4.014834E-01   4.043478E-01   4.143771E-01   4.173209E-01   4.214053E-01   4.440656E-01   4.212731E-01   4.621141E-01   4.657407E-01   4.609429E-01   4.544802E-01   4.584129E-01   4.628119E-01   4.619059E-01   4.939778E-01   4.837264E-01   4.846168E-01   4.751629E-01   4.527877E-01   4.861364E-01   4.844499E-01   4.926084E-01   4.942997E-01   4.935377E-01   4.686444E-01   4.772945E-01   4.048731E-01   1.000000E+00   3.905810E-01   4.675094E-01   4.258900E-01   4.421920E-01   4.332162E-01   4.151335E-01   4.199352E-01   4.114381E-01   3.841026E-01   3.459437E-01   3.728247E-01   3.412669E-01
   2.873387E-01   3.191622E-01   3.443273E-01   3.472052E-01   3.513249E-01   3.549434E-01   3.512095E-01   3.810576E-01   3.838302E-01   3.933839E-01   3.961809E-01   4.000853E-01   4.215836E-01   3.999729E-01   4.387911E-01   4.423054E-01   4.377602E-01   4.316376E-01   4.353769E-01   4.396885E-01   4.387412E-01   4.692242E-01   4.597102E-01   4.605377E-01   4.515208E-01   4.304860E-01   4.621061E-01   4.605172E-01   4.685553E-01   4.697067E-01   4.649475E-01   4.467411E-01   4.488488E-01   4.506899E-01   3.905810E-01   1.000000E+00   3.737684E-01   4.121826E-01   4.202232E-01   4.179543E-01   3.949820E-01   3.997141E-01   3.916256E-01   3.656560E-01   3.294068E-01   3.547898E-01   3.252000E-01
   2.892977E-01   3.214113E-01   3.467922E-01   3.497536E-01   3.539993E-01   3.577438E-01   3.540764E-01   3.843006E-01   3.871546E-01   3.968754E-01   3.998188E-01   4.038669E-01   4.257258E-01   4.040132E-01   4.433328E-01   4.469649E-01   4.425185E-01   4.364781E-01   4.404225E-01   4.448211E-01   4.441174E-01   4.751302E-01   4.654451E-01   4.664803E-01   4.575570E-01   4.361788E-01   4.684881E-01   4.670462E-01   4.750901E-01   4.766527E-01   4.715893E-01   4.482117E-01   4.564931E-01   4.518951E-01   4.675094E-01   3.737684E-01   1.000000E+00   3.443140E-01   4.332285E-01   4.241242E-01   4.077579E-01   4.064041E-01   3.987345E-01   3.723606E-01   3.354688E-01   3.616400E-01   3.311132E-01
   2.655022E-01   2.949647E-01   3.182785E-01   3.210142E-01   3.249215E-01   3.283767E-01   3.250310E-01   3.527878E-01   3.554568E-01   3.644249E-01   3.671619E-01   3.709258E-01   3.910350E-01   3.711399E-01   4.073173E-01   4.107224E-01   4.066846E-01   4.011846E-01   4.048583E-01   4.089973E-01   4.083657E-01   4.369376E-01   4.281601E-01   4.291578E-01   4.209882E-01   4.014473E-01   4.312067E-01   4.299379E-01   4.374942E-01   4.389106E-01   4.343756E-01   4.126438E-01   4.151515E-01   4.178279E-01   4.258900E-01   4.121826E-01   3.443140E-01   1.000000E+00   3.241178E-01   3.983838E-01   3.758709E-01   3.814295E-01   3.675415E-01   3.435706E-01   3.095886E-01   3.336997E-01   3.057097E-01
   2.732480E-01   3.036024E-01   3.276297E-01   3.304870E-01   3.345637E-01   3.381808E-01   3.347945E-01   3.634585E-01   3.662627E-01   3.755682E-01   3.784681E-01   3.824262E-01   4.032558E-01   3.828193E-01   4.202194E-01   4.238078E-01   4.197401E-01   4.141648E-01   4.180646E-01   4.224049E-01   4.218904E-01   4.515158E-01   4.424831E-01   4.436370E-01   4.353183E-01   4.151438E-01   4.460679E-01   4.448701E-01   4.527079E-01   4.543640E-01   4.496981E-01   4.273493E-01   4.304768E-01   4.274063E-01   4.421920E-01   4.202232E-01   4.332285E-01   3.241178E-01   1.000000E+00   3.354154E-01   3.962161E-01   3.942114E-01   3.884525E-01   3.567403E-01   3.214291E-01   3.466054E-01   3.174338E-01
   2.691283E-01   2.990600E-01   3.227604E-01   3.256186E-01   3.296918E-01   3.333181E-01   3.300419E-01   3.583755E-01   3.611961E-01   3.704396E-01   3.733815E-01   3.773666E-01   3.980204E-01   3.779313E-01   4.149396E-01   4.185590E-01   4.146424E-01   4.092380E-01   4.132010E-01   4.175569E-01   4.171903E-01   4.465953E-01   4.376959E-01   4.389619E-01   4.308595E-01   4.109200E-01   4.416821E-01   4.406118E-01   4.483895E-01   4.502259E-01   4.456283E-01   4.236354E-01   4.268408E-01   4.233555E-01   4.332162E-01   4.179543E-01   4.241242E-01   3.983838E-01   3.354154E-01   1.000000E+00   3.153770E-01   3.985875E-01   3.842019E-01   3.609956E-01   3.190940E-01   3.446057E-01   3.154966E-01
   2.565036E-01   2.850480E-01   3.076656E-01   3.104222E-01   3.143418E-01   3.178417E-01   3.147607E-01   3.418302E-01   3.445717E-01   3.534446E-01   3.563110E-01   3.601773E-01   3.799592E-01   3.608467E-01   3.962524E-01   3.997782E-01   3.961123E-01   3.910270E-01   3.948935E-01   3.991313E-01   3.988654E-01   4.270617E-01   4.186226E-01   4.199193E-01   4.122543E-01   3.932432E-01   4.227740E-01   4.218358E-01   4.293512E-01   4.312066E-01   4.268688E-01   4.058821E-01   4.090284E-01   4.057579E-01   4.151335E-01   3.949820E-01   4.077579E-01   3.758709E-01   3.962161E-01   3.153770E-01   1.000000E+00   3.035638E-01   3.762307E-01   3.455075E-01   3.134316E-01   3.306282E-01   3.030097E-01
   2.579618E-01   2.866873E-01   3.094624E-01   3.122679E-01   3.162493E-01   3.198145E-01   3.167590E-01   3.440512E-01   3.468607E-01   3.558477E-01   3.587947E-01   3.627521E-01   3.827470E-01   3.635601E-01   3.993027E-01   4.029241E-01   3.993061E-01   3.942591E-01   3.982396E-01   4.025848E-01   4.024073E-01   4.309386E-01   4.224865E-01   4.238845E-01   4.162371E-01   3.971016E-01   4.270208E-01   4.261613E-01   4.338126E-01   4.357966E-01   4.314702E-01   4.103464E-01   4.136047E-01   4.103632E-01   4.199352E-01   3.997141E-01   4.064041E-01   3.814295E-01   3.942114E-01   3.985875E-01   3.035638E-01   1.000000E+00   3.006670E-01   3.574215E-01   3.160161E-01   3.419067E-01   3.058894E-01
   2.510220E-01   2.790056E-01   3.011996E-01   3.039688E-01   3.078952E-01   3.114219E-01   3.085020E-01   3.351516E-01   3.379384E-01   3.467539E-01   3.496990E-01   3.536280E-01   3.732097E-01   3.545745E-01   3.895105E-01   3.931111E-01   3.896717E-01   3.848392E-01   3.888231E-01   3.931234E-01   3.930786E-01   4.210467E-01   4.128176E-01   4.142957E-01   4.069371E-01   3.882522E-01   4.176424E-01   4.169054E-01   4.244005E-01   4.265197E-01   4.223057E-01   4.017699E-01   4.050543E-01   4.019300E-01   4.114381E-01   3.916256E-01   3.987345E-01   3.675415E-01   3.884525E-01   3.842019E-01   3.762307E-01   3.006670E-01   1.000000E+00   2.659637E-01   3.179932E-01   3.344924E-01   3.085613E-01
   2.330473E-01   2.590416E-01   2.796718E-01   2.822715E-01   2.859500E-01   2.892632E-01   2.865895E-01   3.113886E-01   3.140233E-01   3.222635E-01   3.250530E-01   3.287611E-01   3.470265E-01   3.297560E-01   3.623089E-01   3.657195E-01   3.625858E-01   3.581575E-01   3.619353E-01   3.660047E-01   3.660367E-01   3.921537E-01   3.845528E-01   3.860046E-01   3.792232E-01   3.618709E-01   3.893439E-01   3.887321E-01   3.957828E-01   3.978421E-01   3.939701E-01   3.748811E-01   3.780111E-01   3.751568E-01   3.841026E-01   3.656560E-01   3.723606E-01   3.435706E-01   3.567403E-01   3.609956E-01   3.455075E-01   3.574215E-01   2.659637E-01   1.000000E+00   2.082006E-01   3.211734E-01   2.870981E-01
   2.090064E-01   2.323208E-01   2.508408E-01   2.531905E-01   2.565065E-01   2.595002E-01   2.571242E-01   2.793940E-01   2.817951E-01   2.892255E-01   2.917621E-01   2.951300E-01   3.115621E-01   2.960972E-01   3.253736E-01   3.284872E-01   3.257159E-01   3.217833E-01   3.252219E-01   3.289434E-01   3.290029E-01   3.525263E-01   3.457728E-01   3.471221E-01   3.410650E-01   3.255369E-01   3.502862E-01   3.497856E-01   3.562194E-01   3.580870E-01   3.546793E-01   3.375113E-01   3.403701E-01   3.378623E-01   3.459437E-01   3.294068E-01   3.354688E-01   3.095886E-01   3.214291E-01   3.190940E-01   3.134316E-01   3.160161E-01   3.179932E-01   2.082006E-01   1.000000E+00   2.002027E-01   2.688045E-01
   2.227173E-01   2.476391E-01   2.674130E-01   2.699777E-01   2.736118E-01   2.769044E-01   2.744653E-01   2.983778E-01   3.009851E-01   3.089958E-01   3.118267E-01   3.155266E-01   3.332576E-01   3.168188E-01   3.482416E-01   3.516344E-01   3.488130E-01   3.447476E-01   3.485963E-01   3.525776E-01   3.529299E-01   3.783162E-01   3.709383E-01   3.725950E-01   3.663206E-01   3.494975E-01   3.763777E-01   3.760082E-01   3.827094E-01   3.852001E-01   3.813818E-01   3.632830E-01   3.665246E-01   3.638004E-01   3.728247E-01   3.547898E-01   3.616400E-01   3.336997E-01   3.466054E-01   3.446057E-01   3.306282E-01   3.419067E-01   3.344924E-01   3.211734E-01   2.002027E-01   1.000000E+00   1.967801E-01
   2.052306E-01   2.280969E-01   2.463054E-01   2.486277E-01   2.518813E-01   2.548292E-01   2.525077E-01   2.743674E-01   2.767884E-01   2.841351E-01   2.866521E-01   2.900077E-01   3.061683E-01   2.910194E-01   3.198561E-01   3.230034E-01   3.203166E-01   3.164915E-01   3.199072E-01   3.237102E-01   3.237256E-01   3.469188E-01   3.404928E-01   3.418380E-01   3.358770E-01   3.208084E-01   3.451571E-01   3.447084E-01   3.513229E-01   3.530137E-01   3.498786E-01   3.328444E-01   3.356898E-01   3.333601E-01   3.412669E-01   3.252000E-01   3.311132E-01   3.057097E-01   3.174338E-01   3.154966E-01   3.030097E-01   3.058894E-01   3.085613E-01   2.870981E-01   2.688045E-01   1.967801E-01   1.000000E+00
   1.191658E+04   2.359748E+03   4.444455E+03   4.404512E+03   3.704274E+03   2.710665E+03   1.960008E+03   1.869213E+03   2.007881E+03   2.111751E+03   1.914433E+03   1.605084E+03   1.424359E+03   1.182447E+03   1.382048E+03   1.477049E+03   1.255841E+03   1.042085E+03   8.317502E+02   6.924262E+02   6.607341E+02   7.221262E+02   6.750637E+02   5.848869E+02   4.884575E+02   3.995932E+02   4.217252E+02   4.104145E+02   3.979022E+02   3.582054E+02   3.099122E+02   2.427557E+02   2.436138E+02   2.250602E+02   2.268317E+02   1.875349E+02   1.845731E+02   1.740368E+02   1.480279E+02   1.429517E+02   1.426278E+02   1.432703E+02   1.229245E+02   1.187896E+02   1.079152E+02   1.007356E+02   1.058010E+02
   2.359748E+03   1.364172E+04   3.835801E+03   5.300526E+03   4.367911E+03   3.263792E+03   2.330447E+03   2.214922E+03   2.379374E+03   2.502743E+03   2.269293E+03   1.902853E+03   1.688944E+03   1.402266E+03   1.639131E+03   1.751888E+03   1.489734E+03   1.236346E+03   9.869616E+02   8.216315E+02   7.842439E+02   8.572254E+02   8.012654E+02   6.943484E+02   5.799808E+02   4.744093E+02   5.008081E+02   4.874415E+02   4.725125E+02   4.255251E+02   3.681218E+02   2.884326E+02   2.894904E+02   2.674425E+02   2.696115E+02   2.228734E+02   2.194034E+02   2.068720E+02   1.759748E+02   1.699602E+02   1.695851E+02   1.703602E+02   1.461835E+02   1.412741E+02   1.283423E+02   1.198415E+02   1.258131E+02
   4.444455E+03   3.835801E+03   1.863436E+04   5.059176E+03   5.577585E+03   4.090126E+03   2.974736E+03   2.793475E+03   2.992206E+03   3.147689E+03   2.854380E+03   2.393720E+03   2.124848E+03   1.764361E+03   2.062586E+03   2.204667E+03   1.874935E+03   1.556185E+03   1.242417E+03   1.034399E+03   9.874403E+02   1.079441E+03   1.009057E+03   8.744991E+02   7.305344E+02   5.976056E+02   6.309310E+02   6.141545E+02   5.953875E+02   5.362511E+02   4.639447E+02   3.635545E+02   3.649246E+02   3.371601E+02   3.399341E+02   2.810223E+02   2.766777E+02   2.608925E+02   2.219480E+02   2.143837E+02   2.139297E+02   2.149267E+02   1.844432E+02   1.782643E+02   1.619581E+02   1.512492E+02   1.587827E+02
   4.404512E+03   5.300526E+03   5.059176E+03   1.899871E+04   4.331432E+03   4.220558E+03   3.014577E+03   2.873587E+03   3.045577E+03   3.194752E+03   2.897461E+03   2.430158E+03   2.157519E+03   1.791710E+03   2.094792E+03   2.239298E+03   1.904635E+03   1.581052E+03   1.262452E+03   1.051167E+03   1.003639E+03   1.097296E+03   1.025783E+03   8.891252E+02   7.428695E+02   6.077154E+02   6.417236E+02   6.247472E+02   6.056671E+02   5.456393E+02   4.720836E+02   3.700061E+02   3.714515E+02   3.432175E+02   3.461062E+02   2.861280E+02   2.817551E+02   2.656949E+02   2.260618E+02   2.183863E+02   2.179464E+02   2.189850E+02   1.879499E+02   1.816718E+02   1.650656E+02   1.541854E+02   1.618391E+02
